30.417
30.389
30.374
30.453
30.551
30.369
30.683
30.616
30.329
30.368
30.33
30.606
30.248
30.318
30.226
30.309
64.989
30.372
30.254
63.315
51.261
30.353
30.254
33.513
64.119
60.531
63.933
62.637
63.833
30.234
34.017
63.743
46.349
36.246
38.371
45.992
64.311
37.195
35.482
64.049
63.769
30.239
34.869
63.696
50.108
62.655
63.497
50.555
57.677
62.129
63.221
30.356
47.472
58.961
63.121
47.727
61.055
63.003
63.393
30.381
40.891
44.07
47.693
41.31
63.227
64.926
63.434
64.477
60.704
42.254
44.978
60.633
63.552
60.262
63.69
63.486
63.533
53.443
55.551
63.888
54.096
33.293
34.393
53.637
64.093
60.112
62.538
64.769
33.164
35.556
36.894
33.262
36.423
61.709
63.695
36.793
50.725
62.894
63.124
50.966
62.278
64.003
62.808
63.261
63.58
65.406
63.412
63.689
53.672
46.169
47.936
54.04
63.216
62.313
64.07
63.448
63.208
62.9
62.919
63.603
63.932
64.33
62.807
63.042
43.608
44.472
34.756
44.3
41.024
50.893
52.191
41.287
32.102
55.791
57.594
32.083
30.357
59.944
59.442
30.915
30.335
62.252
62.422
30.862
30.349
68.612
65.851
30.786
30.601
60.654
59.953
31.121
35.149
53.578
52.284
35.411
47.073
39.888
37.934
47.391
63.355
31.237
30.939
63.399
63.109
30.213
30.358
63.221
63.416
32.01
32.31
63.386
64.07
31.258
39.491
63.195
63.321
43.665
43.797
62.636
63.033
58.02
58.161
62.808
63.367
66.639
63.676
62.851
65.396
66.167
63.064
62.7
44.536
63.007
63.124
44.434
32.315
67.307
63.395
30.392
30.259
61.409
58.543
30.806
30.424
71.849
63.68
30.366
30.272
69.089
58.524
30.335
30.295
58.169
58.537
30.861
30.281
66.647
64.145
30.893
30.304
58.021
57.532
30.414
30.471
47.335
47.628
30.386
34.866
33.764
33.7
35.264
50.892
30.351
30.387
51.456
63.313
30.328
30.395
62.902
64.558
30.356
30.505
63.697
63.347
33.775
33.947
63.055
63.23
43.519
44.079
63.594
59.782
31.52
32.241
52.79
64.458
58.495
59.274
63.591
64.768
65.423
63.553
62.6
