30.382
30.381
30.39
30.4
30.761
30.767
30.371
30.88
30.329
30.272
30.675
30.267
30.227
38.551
30.794
39.088
30.421
89.08
30.332
88.766
34.037
89.242
31.974
88.583
41.998
63.66
38.3
62.523
68.995
88.964
70.373
88.46
68.995
88.83
70.373
87.725
84.247
79.173
70.373
82.29
88.831
88.497
84.356
89.815
63.084
81.157
82.89
87.955
86.549
88.518
75.573
88.573
46.086
86.908
56.81
91.035
46.086
52.111
43.864
64.082
68.589
87.187
65.332
83.823
36.134
88.492
41.935
90.44
33.097
67.738
30.314
68.764
77.352
88.449
73.682
88.281
33.267
87.436
30.822
91.008
46.025
51.945
44.268
50.986
88.285
88.142
87.132
88.379
51.918
88.104
31.131
90.335
38.33
42.433
36.438
43.333
87.969
79.753
85.564
79.286
88.494
82.214
91.063
82.175
46.811
69.234
47.76
68.398
30.222
88.882
30.493
88.769
30.186
83.929
30.475
84.038
30.221
82.277
30.197
88.798
30.219
55.308
30.399
55.486
30.203
81.192
30.399
81.231
30.645
89.111
30.524
89.184
31.84
63.736
31.88
66.583
48.431
88.268
48.575
88.01
64.905
83.914
30.203
86.612
55.683
70.195
55.8
70.259
87.601
88.034
87.693
88.253
88.568
87.851
88.337
88.559
30.352
45.04
30.291
45.652
30.303
70.213
30.215
71.209
30.276
87.905
30.274
87.805
30.269
86.421
30.235
88.72
30.667
53.383
30.659
52.983
36.028
78.311
36.118
77.934
48.108
87.378
48.696
87.084
30.233
90.017
57.281
63.387
47.151
42.661
47.475
42.676
78.176
64.791
78.706
63.939
90.039
79.826
88.86
79.396
74.001
33.547
56.087
67.507
67.099
47.408
68.418
47.465
88.081
68.39
87.891
67.915
85.032
80.627
89.048
52.889
35.32
42.33
34.982
41.786
33.911
65.989
33.643
65.375
37.274
88.02
36.621
87.721
44.133
88.566
42.879
89.918
31.12
59.476
30.704
77.437
43.617
76.082
43.418
76.2
59.833
87.387
59.435
88.795
70.975
77.201
36.313
81.046
49.477
58.422
49.17
58.401
77.312
88.678
76.752
88.738
87.283
90.018
88.631
89.946
41.303
47.717
41.037
48.215
