30.377
30.395
30.346
30.411
30.727
30.366
30.684
30.571
30.303
30.292
30.332
30.383
30.367
30.689
30.388
30.311
81.454
54.45
68.992
80.136
94.375
83.625
82.97
88.418
94.375
30.68
57.389
60.523
84.792
47.292
70.793
90.216
95.186
30.541
75.254
86.426
90.023
44.563
55.255
85.893
88.578
30.506
55.255
89.853
88.578
30.328
55.255
30.411
52.096
46.896
57.098
36.254
84.477
87.577
88.473
83.922
75.138
36.083
57.081
47.822
87.312
76.119
78.436
86.939
89.067
30.248
37.629
90.404
84.615
30.292
35.293
71.079
89.164
75.403
77.916
89.961
81.892
30.29
84.174
82.711
89.157
72.368
73.737
89.129
88.517
30.227
76.353
86.39
60.618
47.431
49.615
58.966
87.828
88.019
88.567
87.919
79.9
31.145
37.385
61.945
74.638
86.808
88.052
74.642
88.19
91.385
88.026
88.367
39.819
32.748
61.71
30.343
51.348
79.235
79.75
51.527
71.485
89.948
88.482
71.531
31.86
57.282
46.97
32.246
51.938
30.233
30.363
52.425
76.081
30.234
30.171
76.678
89.571
30.244
30.277
88.581
90.333
30.211
30.204
90.095
73.285
30.233
30.292
73.976
91.355
30.249
30.334
91.331
88.738
30.197
30.211
90.138
54.204
30.709
30.617
53.141
77.295
41.325
42.328
77.332
88.053
64.765
65.572
88.02
82.737
53.849
61.172
87.122
61.478
56.095
57.343
61.944
79.003
87.893
89.635
79.026
88.098
89.088
89.527
88.133
32.335
33.644
33.28
32.639
47.798
46.312
47.111
47.954
63.138
55.15
55.473
63.623
79.493
67.511
67.714
79.674
93.502
78.658
79.342
88.049
88.22
87.937
89.725
89.351
81.925
86.738
86.902
82.528
90.524
90.826
87.374
88.986
90.507
87.977
87.898
87.789
76.575
31.668
33.825
56.525
67.013
46.797
47.389
67.696
70.648
48.357
49.092
70.968
62.681
55.475
55.988
62.54
59.424
65.18
65.179
59.054
54.627
78.145
78.76
55.063
48.632
88.039
88.511
49.188
30.247
89.869
89.419
47.255
30.857
64.309
64.98
31.4
34.384
78.868
78.765
35.115
41.837
89.502
88.466
42.468
31.651
89.268
89.318
52.74
