30.576
30.402
30.911
30.592
34.647
31.582
32.059
33.802
84.537
83.234
80.642
93.447
68.548
69.911
60.968
53.773
99.436
99.367
76.461
77
49.943
49.737
77.043
77.08
49.945
49.873
77.048
77.061
49.903
50.091
77.087
76.858
49.95
50.011
77.07
77.033
49.999
50.015
76.978
77.045
49.991
50.115
77.181
77.267
49.975
50.136
77.213
77.228
50.007
50.217
77.184
77.297
50.035
50.191
77.149
77.221
50.149
50.305
77.432
77.332
50.121
50.363
77.461
77.486
50.169
50.388
77.419
77.401
50.446
50.499
77.087
77.34
50.449
50.47
77.489
77.426
50.366
50.277
77.57
77.703
50.445
50.474
77.707
77.817
50.579
50.548
77.66
77.685
50.663
50.721
77.68
77.647
50.736
50.783
77.746
77.763
50.734
50.719
77.842
77.853
50.837
50.889
77.943
77.887
50.846
50.907
78.005
77.972
50.981
51.154
77.969
78.041
50.815
51.033
78.028
77.844
51.319
50.983
78.109
77.851
51.074
51.105
78.134
78.064
51.183
51.176
78.188
78.223
51.327
51.384
78.191
77.818
51.282
51.313
78.055
78.093
51.425
51.34
78.286
78.096
51.166
51.291
78.506
78.153
51.469
51.443
78.442
78.21
51.454
51.574
78.609
78.306
51.768
51.555
78.583
78.178
51.914
51.703
78.76
78.734
52.094
52.232
78.705
78.558
51.961
52.084
78.723
78.563
51.796
51.705
78.863
78.588
52.022
51.827
78.952
78.649
52
51.805
78.943
78.974
52.271
51.927
78.917
78.717
52.455
52.264
79.098
78.797
52.324
52.205
79.237
79.188
52.176
52.022
79.191
78.964
52.22
52.148
79.154
78.813
52.332
52.413
79.148
79.182
52.668
52.418
79.455
79.076
52.518
52.46
79.407
79.203
52.36
52.428
79.383
79.223
52.517
52.525
79.566
79.292
52.593
52.926
79.68
79.32
52.596
52.655
79.741
79.663
52.682
52.86
79.688
79.421
52.767
52.66
79.794
79.819
52.819
52.934
79.895
79.937
52.899
52.762
62.373
66.137
52.921
53.017
59.806
59.992
53.031
53.042
60.278
60.083
53.154
53.374
60.259
60.068
53.267
53.136
60.287
60.184
53.266
55.676
60.533
60.401
