30.7
30.509
30.79
30.39
30.211
31.196
31.159
30.384
30.282
30.623
30.265
30.45
32.153
31.362
30.368
32.856
30.354
30.928
30.346
30.47
30.392
32.284
30.662
32.33
30.591
32.428
30.438
30.464
30.695
30.674
30.417
30.823
30.624
30.978
30.349
32.12
30.436
32.306
30.621
31.602
30.451
30.92
30.268
30.604
30.733
32.287
30.329
32.49
30.617
32.03
30.725
30.552
31.646
30.742
30.562
30.694
30.333
32.093
30.284
32.368
31.221
30.716
30.793
30.644
31.193
30.969
31.224
31.571
30.351
32.212
30.759
32.491
31.179
30.452
31.178
30.483
30.75
32.366
30.731
32.4
31.314
32.331
30.595
30.491
30.756
30.399
31.165
30.49
30.542
32.243
30.524
32.376
31.517
31.348
31.399
30.418
30.41
30.779
30.957
30.64
30.937
32.486
30.606
32.445
31.146
30.599
31.236
30.554
30.278
31.243
30.604
31.266
31.19
32.317
31.348
32.218
30.624
30.982
30.459
30.529
31.206
32.189
30.626
32.121
30.387
32.099
31.349
30.688
30.364
30.628
30.454
30.401
31.105
32.108
31.191
32.266
30.581
31.149
30.394
30.39
31.246
30.613
30.92
30.53
30.495
32.279
31.297
32.211
30.714
30.63
30.722
30.591
31.236
30.555
31.315
32.099
30.915
32.376
30.485
31.065
31.406
30.887
31.277
30.549
30.56
32.083
30.432
32.368
31.123
32.14
30.373
30.642
31.403
30.64
31.419
30.519
30.54
32.171
30.349
32.462
31.241
31.095
31.147
30.412
30.406
30.665
30.401
31.177
31.434
32.444
30.469
32.322
30.347
30.655
31.373
30.802
30.724
31.804
30.415
32.199
31.037
32.139
31.306
30.531
30.496
30.735
30.408
30.443
31.197
32.194
30.966
32.39
30.813
32.302
31.249
30.385
31.195
30.752
30.334
30.677
30.54
32.4
31.29
32.367
30.965
30.62
30.496
30.799
31.044
30.525
31.154
31.962
30.475
32.464
30.647
32.711
31.376
30.805
30.51
30.563
30.673
32.376
31.18
32.395
31.201
30.828
30.744
30.538
30.552
30.686
31.219
31.397
30.566
32.166
30.499
32.333
31.56
31.286
30.741
30.558
30.515
30.675
31.13
30.511
