30.897
30.472
30.765
30.373
34.29
35.567
33.902
34.724
76.123
74.117
77.257
75.604
74.148
61.694
73.876
60.054
50.41
47.173
50.754
45.454
50.92
37.9
50.941
38.131
51.017
38.052
50.968
38.499
50.991
38.518
50.813
38.829
51.52
38.419
50.99
38.892
50.992
38.871
50.899
39.127
50.783
39.043
50.955
39.28
50.896
39.369
50.942
39.514
50.855
39.41
50.888
39.775
50.787
39.501
50.632
40.006
50.827
39.975
50.951
40.178
50.764
40.132
50.923
40.296
50.637
40.38
50.762
40.564
50.913
40.431
50.808
40.748
50.941
40.811
50.823
41.003
51.024
41.054
50.843
41.373
50.72
41.321
50.833
41.499
50.991
41.464
50.787
41.761
50.958
41.778
51.655
41.981
51.066
42.016
50.81
42.103
50.88
41.768
50.795
42.247
50.897
42.13
50.707
42.418
50.742
42.606
50.69
42.712
50.737
42.775
50.743
42.962
50.983
43.016
50.719
43.19
50.993
43.196
50.737
43.479
50.701
43.386
50.676
43.723
50.713
43.806
50.653
43.824
50.821
43.899
50.972
44.141
50.804
43.996
50.761
44.245
50.701
44.187
50.728
44.478
50.708
44.384
50.679
44.659
50.702
44.623
50.635
44.898
50.722
44.834
50.626
45.119
50.7
44.986
50.756
45.257
50.679
45.279
50.617
45.482
50.641
45.401
50.599
45.613
50.612
45.527
50.975
45.851
50.756
45.779
50.883
46.102
50.704
46.155
50.936
46.328
50.924
46.221
51.056
46.454
50.705
46.524
50.671
46.724
52.533
46.65
50.635
46.933
50.958
47.039
50.767
47.193
51.014
47.121
50.712
47.425
50.976
47.554
50.707
47.639
50.949
47.465
50.717
47.783
50.938
47.555
50.749
48.028
50.925
48.043
50.684
48.276
50.967
48.053
50.68
48.445
50.935
48.328
50.773
48.549
50.917
48.517
50.772
48.784
50.818
48.569
50.733
48.799
50.775
48.696
50.931
48.853
51.007
48.807
50.915
49.002
50.958
48.994
50.489
49.232
51.073
49.195
50.876
49.25
51.045
49.131
50.923
49.425
51.095
49.111
52.59
49.514
50.812
49.347
50.849
49.576
50.944
49.484
50.977
49.733
