30.543
30.564
30.987
30.359
33.713
39.042
40.711
34.404
94.469
79.39
106.296
98.341
54.879
104.251
57.874
110.716
86.385
112.388
86.512
111.418
86.648
62.061
86.66
58.164
86.682
56.61
86.817
56.614
86.709
56.576
87.548
56.598
86.709
56.413
86.903
56.578
86.839
56.544
86.679
56.553
86.798
56.478
86.52
56.579
86.903
56.815
87.026
56.889
87.008
56.84
87.139
56.852
87.087
56.77
87.076
56.856
87.005
56.867
87.109
57.002
87.113
56.879
86.828
57.062
87.074
57.006
86.845
57.076
87.165
57.307
87.167
57.832
87.075
57.138
87.158
57.175
86.863
57.148
86.935
57.326
87.372
57.462
87.368
58.276
87.345
57.316
87.491
57.486
87.043
57.249
87.247
57.472
87.345
57.458
87.178
57.487
87.281
57.696
87.007
57.679
87.553
57.597
87.279
57.722
87.608
57.588
87.368
57.849
87.633
57.67
87.363
57.822
87.506
57.922
87.323
57.976
87.85
57.849
87.343
58.138
87.394
58.026
87.504
58.002
87.731
58.016
87.48
58.096
87.552
58.151
87.551
58.14
87.987
58.23
87.699
58.301
88.147
58.26
87.61
58.298
87.768
58.324
87.828
58.375
88.028
58.456
87.714
58.466
87.878
58.384
87.992
59.088
87.766
58.529
87.92
58.619
88.018
58.566
87.954
58.688
87.943
58.637
87.882
58.685
88.111
58.734
88.003
58.795
88.101
58.769
88.199
59.034
88.116
58.927
88.197
58.901
88.164
58.778
88.069
58.832
88.137
59.133
88.021
59.157
88.381
59.108
88.394
59.161
88.434
59.002
88.353
59.156
88.55
59.229
88.377
59.328
88.314
59.109
88.312
59.294
88.486
59.355
88.36
59.4
88.38
59.35
88.476
59.519
88.518
59.46
88.711
59.533
88.605
59.471
88.625
59.525
88.693
59.77
88.522
59.77
88.895
59.682
88.714
59.805
88.623
59.703
88.788
59.756
88.715
59.813
88.736
59.791
88.866
59.713
88.824
59.892
88.987
59.892
89.02
60.002
89.186
59.984
88.98
60.044
88.964
60.12
89.026
60.131
89.203
60.106
88.963
60.219
88.988
60.184
88.985
60.197
89.192
60.217
89.103
60.385
89.448
60.335
89.248
60.405
