30.39
30.381
30.397
30.367
30.308
30.249
30.434
30.226
84.245
88.102
80.098
81.506
97.854
98.465
98.098
98.453
99.351
99.927
98.982
98.997
35.977
35.778
98.052
97.49
38.235
38.28
38.661
38.87
43.72
42.896
43.546
43.308
38.512
38.369
52.79
52.752
38.21
38.345
59.872
60.087
38.862
38.713
62.948
62.986
37.636
37.542
65.854
65.658
38.092
37.473
66.526
66.5
34.552
34.396
64.281
64.157
33.362
33.413
68.674
68.347
33.737
33.766
61.822
61.598
33.106
33.036
61.324
61.665
41.301
41.015
58.181
58.183
33.235
33.065
58.898
58.811
34.027
34.343
66.085
66.021
31.752
32.249
63.4
63.944
32.6
32.936
65.692
65.816
36.341
36.675
65.405
66.014
32.674
32.816
61.196
61.465
37.089
36.419
63.166
63.37
33.055
32.947
57.743
58.495
33.469
33.826
59.349
58.988
34.366
34.876
61.755
62.584
33.309
33.485
61.658
62.664
38.544
37.949
65.675
65.754
33.286
33.507
63.589
64.28
33.799
33.817
60.622
60.394
31.92
32.211
63.629
64.097
31.85
32.124
57.521
57.885
37.759
38.45
60.65
61.518
34.882
34.973
62.245
62.721
34.129
34.297
61.34
61.538
32.978
32.949
66.817
67.23
32.36
32.537
63.273
63.847
34.176
34.708
63.378
63.026
32.635
32.902
59.773
60.127
40.515
40.333
57.748
58.66
32.509
32.693
63.266
63.611
33.928
34.282
61.563
61.962
32.976
32.866
62.178
62.268
33.976
34.143
65
65.325
37.274
37.612
60.886
61.56
32.499
32.55
63.417
63.756
37.959
37.273
60.544
61.464
30.884
30.739
58.767
58.777
33.108
33.493
62.989
63.518
31.071
31.351
60.315
60.958
32.571
32.718
63.79
64.176
34.737
35.391
61.518
61.849
33.045
33.427
58.752
58.897
39.748
39.141
64.216
64.589
33.878
34.565
61.226
61.826
33.41
33.8
63.897
64.262
31.578
32.075
61.448
62.213
32.366
33.167
58.946
59.393
37.149
38.044
62.215
62.477
33.858
34.367
60.117
60.596
35.591
35.381
63.682
63.805
31.622
31.942
63.708
64.371
32.185
32.705
60.838
61.165
31.351
32.103
64.832
64.892
