30.45
30.355
31.029
30.574
32.474
32.598
31.235
36.824
75.191
74.791
75.751
74.564
71.714
70.001
70.17
70.971
39.399
64.797
39.514
64.296
38.989
53.005
38.686
52.659
39.707
53.905
39.715
53.547
40.758
54.138
40.85
53.809
41.524
54.981
41.656
54.626
42.377
55.305
42.233
55.203
42.986
56.089
43.019
55.911
43.891
56.375
43.982
56.797
44.664
57.261
44.606
57.33
45.584
58.065
45.215
57.746
46.243
58.413
46.214
58.716
47.015
59.259
46.887
59.04
47.737
59.55
47.62
60.002
48.581
60.054
48.543
60.367
49.298
61.085
49.508
61.189
50.086
61.37
49.804
61.416
50.764
62.24
50.551
62.301
51.376
62.566
51.463
62.575
52.106
63.164
52.168
63.157
52.855
64.014
52.825
63.971
53.487
64.515
53.044
64.352
54.213
65
54.074
65.034
54.657
65.03
54.723
65.196
55.353
65.907
55.322
67.138
56.124
66.827
55.969
66.628
56.398
67.226
56.692
67.007
57.332
67.622
57.113
67.74
58.046
68.073
57.882
67.95
58.32
68.653
58.488
68.642
59.262
69.392
59.145
69.26
59.778
69.86
59.746
69.69
60.36
70.339
60.332
70.193
60.979
70.755
60.994
70.541
61.601
71.113
61.381
70.999
62.014
71.524
61.957
71.191
62.618
71.909
62.567
71.935
63.276
72.198
63.128
72.269
63.795
72.851
63.601
72.813
64.274
73.417
64.266
73.234
64.734
74.047
64.806
73.707
65.09
74.474
65.272
74.262
65.953
74.459
65.958
75.089
66.387
57.675
66.214
57.799
67.037
58.347
66.874
58.657
67.495
58.93
67.532
59.772
68.194
59.174
68.035
59.429
68.684
59.936
68.604
60.049
69.013
60.814
69.117
60.673
69.654
61.342
69.498
61.163
70.041
61.73
69.981
61.725
70.654
62.518
70.368
62.578
71.026
63.092
70.852
63.031
71.413
63.608
72.121
63.509
71.86
64.152
71.714
63.886
72.378
64.642
72.144
64.589
72.756
64.939
72.779
65.104
73.331
65.689
73.278
65.609
73.787
66.274
73.745
66.237
74.266
66.794
74.125
66.732
75.302
67.341
74.246
67.22
52.444
67.759
52.396
67.739
53.291
68.336
53.083
68.343
