30.357
30.375
30.386
30.387
30.812
30.965
30.66
30.978
30.3
30.299
30.29
30.292
30.274
30.178
30.211
30.26
58.385
60.267
57.534
58.951
63.067
63.937
65.26
64.787
38.417
48.415
46.241
38.78
30.206
64.268
66.141
30.216
30.18
66.147
64.455
30.205
30.21
31.216
31.164
30.235
30.181
30.368
30.333
30.233
30.242
30.359
30.302
30.225
30.221
30.368
30.351
30.325
30.196
30.342
30.309
30.205
30.203
30.35
30.315
30.236
31.019
30.405
30.534
30.883
41.382
35.814
35.792
41.546
54.1
43.9
43.312
54.583
61.955
52.239
52.162
62.13
63.922
59.551
59.8
64.672
63.179
63.121
62.812
63.677
63.229
63.52
64.462
64.498
59.553
60.805
61.854
58.959
68.369
64.767
63.005
62.441
52.806
60.118
59.806
52.331
30.183
63.758
63.153
30.211
30.185
62.86
63.257
30.205
30.207
58.369
58.156
30.28
30.168
58.946
58.867
30.382
30.207
50.69
50.569
30.37
30.288
39.764
39.533
30.2
30.211
30.355
30.237
30.226
30.325
30.339
30.253
30.259
34.173
30.274
30.27
34.378
43.911
30.264
30.267
43.908
53.658
30.309
30.243
53.63
62.743
30.377
30.329
62.499
59.186
37.145
36.677
59.223
49.866
37.069
37.24
50.061
31.114
47.737
47.627
31.005
30.154
45.743
45.932
30.224
30.207
30.975
30.907
30.342
30.236
30.305
30.26
30.229
30.19
30.271
30.239
30.246
30.18
30.291
30.24
30.306
30.217
30.304
30.183
30.324
31.814
30.302
30.232
32.027
42.047
30.344
30.235
41.953
51.789
36.401
36.415
51.826
62.711
46.94
46.955
63.046
62.181
58.426
58.446
64.227
62.554
63.085
62.995
67.078
63.126
63.512
67.052
63.032
62.98
58.488
58.425
62.801
66.294
62.347
65.609
65.228
58.497
63.153
66.712
57.971
30.187
57.488
57.342
30.208
30.218
30.195
30.195
30.197
30.219
30.194
30.239
30.277
30.198
30.152
30.278
30.195
30.202
30.169
30.206
30.182
30.188
30.186
30.198
30.28
30.179
30.239
30.175
30.262
30.327
30.309
30.22
30.265
36.619
30.319
30.259
36.89
