30.586
30.664
30.415
30.942
36.195
32.994
32.263
31.587
56.375
52.15
57.978
49.412
52.153
50.577
55.015
49.169
44.812
30.247
44.879
30.377
44.948
30.466
44.83
30.369
45.012
30.451
44.966
30.354
44.941
30.595
45.047
30.35
45.274
30.516
45.166
30.491
45.415
30.603
45.469
30.502
45.388
30.816
45.413
30.819
45.557
30.812
45.576
30.76
45.698
31.074
45.559
30.912
45.853
31.019
45.804
30.981
45.818
30.975
45.66
31.028
46.084
31.272
46.103
31.426
46.089
31.391
45.967
31.509
46.205
31.625
46.005
31.416
46.356
31.639
46.309
31.457
46.303
31.658
46.193
31.762
46.518
31.897
46.402
31.615
46.55
31.949
46.483
31.851
46.8
31.987
46.956
31.943
46.792
32.153
46.763
32.072
46.791
32.18
46.943
32.103
47.096
32.382
47.117
32.277
47.152
32.439
47.059
32.202
47.287
32.643
47.166
32.459
47.34
32.642
47.266
32.457
47.51
32.653
47.241
32.526
47.529
32.853
47.521
32.701
47.742
32.898
47.58
32.64
47.812
33.032
47.781
32.955
47.643
33.197
47.675
33.291
48.018
33.336
47.866
33.175
48.009
33.279
47.944
33.2
48.023
33.284
48.076
33.176
48.277
33.527
48.128
33.406
48.254
33.512
48.112
33.489
48.528
33.659
48.41
33.895
48.589
33.572
48.52
33.612
48.568
33.886
48.508
33.632
48.756
33.848
48.663
33.848
48.775
34.003
48.75
33.937
48.867
34.089
48.83
33.968
48.994
34.1
48.882
34.009
48.974
34.25
49.149
34.295
49.127
34.341
49.117
34.313
49.116
34.585
49.235
34.544
49.085
34.56
49.278
34.592
49.531
34.584
49.661
34.417
49.486
34.852
49.528
34.827
49.393
34.88
49.758
34.715
49.717
34.798
50.203
35.275
49.76
35.065
49.884
35.084
49.949
35.071
50.041
34.939
49.604
31.206
49.963
31.056
40.187
30.257
40.471
30.799
40.384
30.342
40.405
30.539
40.56
30.247
40.568
30.92
40.631
30.193
40.719
31.004
40.728
30.207
41.294
30.387
40.83
30.226
40.931
30.289
40.977
30.192
41.147
30.308
41.128
30.187
41.193
30.2
