30.391
30.379
30.423
30.392
31.936
32.376
30.391
30.361
30.684
30.342
30.353
30.29
32.297
30.303
32.186
30.394
30.478
30.309
30.403
30.823
31.96
30.424
32.484
30.716
32.196
30.573
30.64
31.206
30.575
31
30.503
31.427
32.289
30.391
32.147
30.477
30.837
30.481
30.462
30.367
30.596
30.481
31.938
30.587
32.172
30.355
32.456
30.45
30.81
30.358
30.673
30.518
31.193
30.383
31.757
30.428
32.182
30.416
30.754
30.785
30.879
30.365
30.458
30.51
32.443
32.74
32.578
30.508
31.503
30.29
30.726
30.492
30.653
30.939
30.58
30.645
31.291
30.428
32.809
31.236
30.478
31.047
30.981
30.81
31.254
30.964
30.532
31.073
33.45
30.776
32.432
30.462
30.563
30.383
30.561
33.768
31.342
31.169
30.396
31.178
30.827
30.461
32.379
30.62
30.876
31.176
30.588
31.196
30.532
30.954
31.74
30.486
32.184
30.603
32.384
30.403
30.44
31.54
30.401
31.153
30.879
30.56
32.485
30.382
32.204
31.776
30.557
31.183
30.792
30.788
30.55
30.531
32.077
30.523
32.382
30.964
32.433
31.052
30.576
31.145
31.153
30.685
30.458
30.561
32.244
30.994
32.375
31.167
32.232
30.591
30.412
30.468
30.556
30.586
30.333
30.83
32.128
31.042
32.367
31.282
31.029
30.972
30.373
30.441
30.849
31.435
31.472
31.499
32.32
30.844
32.334
30.473
30.647
30.547
30.415
30.529
30.713
31.109
32.462
31.4
32.425
30.526
31.63
30.381
30.874
30.955
30.501
31.262
32.193
30.485
32.397
30.325
32.1
32.982
30.56
31.137
30.861
31.364
30.52
33.578
32.415
30.606
32.415
30.451
32.312
31.407
30.372
31.174
30.858
30.609
30.419
30.487
32.117
30.567
32.481
31.193
30.997
31.018
30.555
31.519
30.98
30.558
31.497
30.443
32.411
31.417
32.568
31.199
30.728
30.462
30.552
30.35
30.643
30.582
32.279
30.953
32.008
31.204
32.36
31.406
31.01
30.521
30.513
30.52
30.802
31.98
31.319
31.268
32.313
31.505
32.486
30.555
30.577
30.67
30.391
30.584
30.769
31.042
32.296
31.553
32.479
30.887
30.797
30.487
