30.599
30.365
31.059
30.552
31.111
30.417
30.261
31.391
30.323
30.721
30.748
30.471
30.536
31.054
30.772
32.218
30.591
30.849
30.551
30.356
30.621
32.234
32.199
31.705
31.976
30.495
32.216
32.455
30.724
30.247
30.444
30.431
31.353
32.39
32.268
31.779
31.977
30.625
30.872
32.657
30.59
30.345
30.401
30.414
31.045
31.286
32.263
30.495
32.331
30.426
30.534
32.785
31.094
30.578
30.379
30.425
31.848
32.449
32.257
30.269
31.772
30.577
30.427
32.585
30.666
30.82
30.397
30.428
32.461
30.646
32.32
30.481
30.652
32.668
30.428
32.605
30.687
30.721
31.902
30.352
32.44
30.644
32.391
30.394
30.863
32.783
30.465
32.788
31.079
30.692
32.223
30.314
31.815
30.637
30.643
31.44
30.742
32.784
30.374
32.667
32.256
30.596
32.276
30.41
31.091
30.683
30.476
32.66
30.897
32.736
32.146
30.554
31.861
30.749
32.228
30.445
30.98
31.789
30.312
32.43
31.901
32.707
32.157
30.263
32.366
30.729
30.509
30.342
30.719
32.454
30.516
32.482
31.926
32.482
32.184
30.364
32.332
30.57
30.562
30.349
30.598
30.454
30.497
32.379
32.355
32.636
32.352
30.39
30.859
30.58
30.45
30.385
30.607
32.561
31.495
32.597
31.945
31.251
32.418
30.328
30.523
30.648
30.358
31.244
31.921
32.706
32.269
32.654
32.313
30.577
30.401
30.354
30.91
30.624
30.498
32.599
31.81
32.697
32.315
32.612
32.024
31.438
30.693
30.469
30.652
30.588
30.512
30.387
31.891
32.413
32.242
32.462
31.318
30.758
30.516
30.339
30.739
30.599
31.727
32.291
31.91
32.714
32.319
31.842
30.93
30.523
30.519
30.317
31.901
31.364
32.189
32.522
31.98
32.468
30.532
31.343
30.479
30.462
30.423
30.324
31.969
32.122
32.273
30.566
30.678
32.195
30.37
31.625
30.645
30.495
31.516
31.14
32.055
32.422
32.346
32.415
30.618
30.383
30.397
31.522
32.148
30.415
32.494
30.67
31.975
32.316
30.543
31.898
30.73
30.378
30.508
30.579
32.09
32.4
32.229
30.977
30.655
30.774
30.342
32.05
30.778
30.477
32.189
30.52
