30.388
30.438
30.397
30.366
30.179
30.318
30.605
30.803
75.338
74.876
74.906
74.676
75.265
72.804
74.671
72.04
46.719
50.755
40.85
40.969
56.237
55.578
44.12
44.309
70.393
70.708
50.876
51.265
73.568
73.25
59.592
59.649
74.028
73.184
66.375
66.622
70.041
69.99
68.428
68.595
72.574
72.587
64.93
64.879
68.599
68.598
63.728
63.783
62.91
62.869
64.738
64.9
67.933
67.716
61.475
61.625
65.317
65.272
62.673
62.648
60.95
61.203
62.568
62.863
61.669
61.737
62.7
62.832
58.727
58.896
64.87
64.744
63.782
64.159
61.548
61.71
58.771
58.807
61.796
61.817
58.908
58.874
62.898
62.932
60.685
60.624
64.106
64.041
58.9
59.008
66.016
65.957
62.794
62.787
62.215
62.291
60.174
60.049
61.829
61.765
59.291
59.332
62.194
62.266
61.521
61.147
63.684
63.71
59.176
59.12
64.47
64.58
64.971
65.248
58.979
59.214
63.427
63.454
60.23
60.232
59.904
60.206
61.596
61.759
64.368
63.766
64.739
65.093
60.08
60.03
66.059
65.702
61.732
61.675
63.39
63.329
61.57
61.834
61.44
61.469
60.739
60.721
62.723
62.859
65.487
65.62
61.741
61.713
60.559
60.521
62.863
62.937
60.661
60.854
62.291
62.291
62.429
62.436
61.243
61.414
60.139
60.117
62.757
62.565
63.83
63.982
59.587
59.708
61.419
61.389
59.191
59.155
60.61
60.734
59.934
59.904
64.642
64.735
61.792
62.152
60.866
60.941
64.958
64.921
64.213
64.204
63.469
63.454
59.341
59.231
63.764
64.029
59.651
59.791
64.532
64.638
64.994
64.3
65.623
65.758
61.229
61.188
62.802
62.565
63.153
63.306
59.122
59.206
61.435
61.435
60.919
61.005
58.697
58.653
62.434
62.261
65.281
64.711
64.243
64.425
61.838
61.909
62.94
62.738
62.723
62.566
61.639
61.647
63.367
63.459
61.979
62.028
60.209
60.19
63.635
63.067
65.574
65.268
62.068
62.212
60.444
60.304
60.797
60.915
59.456
59.51
59.893
59.714
61.034
61.067
62.353
62.382
60.111
60.162
64.423
63.957
64.833
65.09
59.568
59.439
