30.35
30.422
30.395
30.364
30.793
30.657
30.743
30.861
30.4
30.288
30.302
30.316
30.196
30.286
30.224
30.364
58.169
63.117
57.737
62.989
34.701
64.459
57.854
60.682
30.325
62.55
30.249
63.872
30.197
64.145
30.192
63.89
30.202
30.329
30.183
31.796
30.226
31.438
30.185
31.382
30.214
34.053
30.218
33.727
30.167
30.666
30.221
30.507
30.167
30.256
30.23
30.333
30.289
30.459
30.24
30.472
30.243
33.204
30.259
33.125
35.581
31.631
35.643
31.486
47.321
30.325
47.403
30.321
56.055
30.55
56.238
30.457
63.129
30.693
62.94
30.649
64.129
30.663
63.663
30.612
54.701
38.676
54.677
38.661
61.92
45.939
63.067
46.061
63.075
61.928
64.273
61.795
44.136
49.465
44.179
49.238
30.192
60.642
30.19
60.428
30.192
62.704
30.2
62.588
30.198
64.717
30.193
63.211
30.197
61.178
30.202
61.313
30.199
62.222
30.201
62.253
30.225
55.983
30.262
55.846
30.277
64.042
30.3
67.17
33.815
61.417
33.972
61.523
42.726
42.16
43.238
41.965
61.809
30.253
62.297
30.287
62.945
30.183
63.307
30.158
69.022
30.246
64.693
30.31
64.328
30.252
64.269
30.269
66.706
30.219
64.977
30.276
62.796
30.27
68.012
30.261
70.235
30.251
63.979
30.308
54.278
32.035
54.061
32.75
30.222
39.955
30.189
40.084
30.203
48.004
30.15
48.458
30.195
57.184
30.152
57.718
30.24
62.435
30.152
61.91
30.237
58.118
30.164
58.188
30.19
62.903
30.188
63.103
30.184
63.328
30.264
63.161
30.746
47.762
30.793
47.634
39.268
30.232
39.951
30.158
52.743
30.223
53.84
30.159
61.278
30.171
61.462
30.148
66.032
30.201
66.012
30.172
65.202
30.189
65.921
30.177
62.441
30.221
62.711
30.397
63.18
30.227
62.726
30.433
65.473
34.346
72.17
34.344
64.875
42.088
59.033
41.877
57.508
53.388
57.846
53.429
64.818
60.013
65.603
59.984
65.549
51.713
66.598
51.226
62.639
41.088
62.437
40.932
60.472
30.233
60.1
30.281
66.299
30.196
58.858
30.167
43.857
30.431
43.726
30.289
