30.423
30.344
30.46
30.503
33.69
38.331
31.944
33.863
63.272
35.358
62.178
43.699
46.698
41.741
56.116
41.295
46.772
40.958
46.803
41.156
46.794
41.158
46.876
41.29
46.946
41.587
47.014
41.469
46.77
41.533
46.992
41.515
47.09
41.643
47.143
41.522
47.12
41.682
47.144
41.694
47.081
42.851
47.186
41.884
47.224
41.908
47.229
41.941
47.533
42.044
47.115
41.872
47.525
42.167
47.591
42.073
47.33
42.333
49.833
42.216
47.607
42.316
47.683
42.195
47.766
42.49
47.773
42.26
47.863
42.512
47.916
42.498
47.863
42.5
47.783
42.482
48.015
42.719
47.898
42.677
48.175
42.707
48.121
42.542
48.273
42.717
48.147
42.782
48.274
42.874
48.288
42.959
48.438
43.067
48.335
42.956
48.546
43.189
48.432
42.906
48.47
43.242
48.5
43.224
48.624
43.255
48.712
43.298
48.764
43.343
48.713
43.301
48.882
43.54
48.743
43.532
48.915
43.599
48.612
43.504
49.162
43.695
49.099
43.563
49.174
43.846
49.194
43.79
49.248
30.25
49.243
30.478
49.343
30.214
49.204
30.231
49.51
30.205
49.358
30.217
49.515
30.23
49.426
30.34
49.605
30.675
49.572
30.209
49.726
30.326
49.51
30.24
49.681
30.227
49.675
30.317
49.733
30.258
49.562
30.199
49.91
30.274
49.888
30.159
49.977
30.189
49.912
30.361
50.076
30.207
49.966
30.268
50.208
30.233
50.206
30.237
50.265
30.179
50.164
30.375
50.217
30.296
50.161
30.559
50.429
30.232
50.361
30.292
50.453
30.222
50.438
30.302
50.454
30.281
50.422
30.441
50.676
30.348
50.662
30.594
50.683
30.27
50.646
30.493
50.679
30.277
50.68
30.516
50.935
30.269
50.924
30.565
50.942
30.333
50.932
30.402
50.942
30.277
50.943
30.448
51.198
30.269
51.113
30.306
51.212
30.239
51.111
30.261
51.163
30.281
51
30.383
51.281
30.285
51.346
30.405
51.439
30.33
51.304
30.451
51.494
30.233
51.333
30.248
51.562
30.29
51.303
30.291
51.681
30.325
51.622
30.323
51.667
30.24
51.549
30.319
51.787
30.277
51.525
30.264
