30.374
30.355
30.38
30.379
30.642
30.597
30.764
30.614
30.308
30.308
30.226
30.253
30.213
30.176
30.378
30.445
54.14
56.753
63.969
63.643
44.359
44.942
48.792
31.347
63.917
65.299
64.499
63.517
65.275
64.304
62.639
57.727
58.094
60.421
30.368
30.363
58.446
58.688
30.333
30.319
51.705
51.654
30.339
30.356
44.345
44.033
30.343
30.312
33.589
33.565
30.212
30.414
30.307
30.333
31.207
31.408
30.354
30.374
40.961
41.15
30.373
30.498
50.647
51.042
30.3
30.544
63.173
62.5
30.391
30.454
64.148
62.246
30.718
30.888
63.16
62.181
37.983
38.32
63.655
66.12
47.087
47.288
65.876
62.873
58.239
59.04
62.938
63.09
64.461
63.651
59.517
59.806
63.862
64.989
36.693
37.885
64.278
66.168
30.195
30.335
64.105
63.511
30.351
30.345
68.386
65.836
30.351
30.408
60.704
65.297
30.352
30.356
41.934
41.861
30.352
30.361
30.304
30.32
30.212
30.367
30.285
30.247
30.635
30.495
30.271
30.232
33.832
33.586
30.32
30.307
49.231
49.224
30.265
30.268
62.91
62.242
30.26
30.935
63.815
62.761
30.661
31.101
65.968
68.822
37.534
38.299
62.842
63.618
46.475
47.144
60.678
60.247
53.642
54.24
64.839
63.8
59.14
59.789
56.473
56.293
57.002
57.65
31.049
30.481
56.708
57.649
31.057
30.309
54.056
54.481
30.31
30.285
52.563
53.244
31.04
30.469
47.233
47.91
30.831
30.35
44.03
44.976
30.702
30.301
43.486
44.154
31.052
30.331
39.117
39.752
30.345
30.369
33.683
34.526
34.487
34.366
31.64
32.402
45.117
44.697
30.441
31.036
50.276
50.153
31.335
31.973
56.598
56.553
30.392
31.071
54.219
53.718
30.362
30.708
39.754
39.723
30.311
30.646
30.298
30.262
31.176
31.294
30.274
30.271
30.318
30.707
31.062
30.355
30.649
30.968
31.151
30.379
34.061
34.383
30.93
30.356
42.554
43.027
30.448
30.369
45.916
46.219
30.403
30.565
53.082
53.676
32.102
32.058
53.667
53.708
43.025
42.964
40.943
40.959
46.83
46.56
30.245
30.298
48.931
48.515
30.436
30.963
46.286
46.397
