30.376
30.442
30.414
30.397
30.655
30.659
30.594
30.662
30.202
30.273
30.207
30.196
30.224
30.229
30.213
30.291
65.431
59.979
64.077
68.392
76.032
77.062
78.745
77.508
45.761
45.293
43.2
43.749
76.779
76.813
77.066
76.831
75.893
57.68
60.047
75.299
54.98
46.951
47.344
56.807
75.286
75.534
77.184
77.436
79.381
77.904
76.502
74.928
39.684
38.63
41.63
37.784
72.864
74.125
74.215
73.698
77.009
77.067
77.3
75.395
66.7
61.601
57.768
57.414
66.577
68.744
68.811
67.131
76.938
76.982
77.372
77.093
54.016
52.409
49.149
50.339
46.216
57.354
57.605
46.153
44.687
74.502
75.105
44.198
38.984
75.894
77.468
38.515
35.338
61.719
31.696
30.212
33.451
46.704
46.831
33.424
39.33
71.705
72.144
39.974
49.875
77.005
74.991
49.055
32.335
74.472
74.669
30.396
51.265
71.792
72.176
51.127
75.615
76.677
76.793
75.358
70.538
67.461
74.169
60.196
76.085
75.903
76.736
75.43
76.077
74.904
74.949
77.247
76.249
74.657
77.514
75.589
60.828
30.313
30.485
61.055
76.808
30.393
30.406
77.448
78.12
30.249
30.365
76.86
72.504
30.345
30.207
82.009
70.636
30.361
30.288
69.858
59.229
30.264
30.835
59.106
37.123
30.271
30.677
36.407
30.948
30.344
30.814
30.353
30.822
38.365
38.666
30.32
30.921
56.8
57.343
30.4
32.176
76.505
77.049
32.07
38.782
75.361
76.173
30.755
37.7
68.488
69.292
37.341
63.933
75.805
75.141
63.402
44.139
69.776
68.369
43.898
74.628
78.124
75.359
74.312
52.097
73.824
59.43
32.435
52.531
74.377
74.325
52.03
75.161
79.994
76.118
75.131
73.972
77.768
76.03
75.177
34.707
34.516
34.851
34.348
56.266
67.367
68.923
56.244
76.846
76.339
76.656
75.814
41.027
73.443
59.525
37.766
46.676
52.633
53.542
46.516
67.891
77.974
77.227
67.89
71.011
78.368
73.524
69.744
33.515
59.096
53.596
31.229
58.511
75.28
75.62
58.457
76.69
79.035
75.569
77.406
44.175
43.062
30.985
40.087
55.29
49.623
50.009
55.063
