30.859
30.609
30.346
30.562
33.745
32.657
34.329
37.622
96.831
96.822
103.633
92.654
120.318
110.112
110.895
91.494
87.251
88.763
72.973
76.294
111.978
110.094
110.934
113.633
76.846
81.428
75.229
75.587
83.492
83.261
75.839
76.003
83.781
83.604
76.365
76.438
83.981
84.107
76.701
76.732
84.589
84.545
76.871
77.287
85.13
85.011
77.852
77.547
85.414
85.405
78.152
78.031
85.951
85.869
78.738
79
86.273
86.144
78.889
79.759
86.69
86.583
79.663
79.667
87.154
86.965
79.984
79.605
87.308
87.388
80.154
80.238
87.888
87.837
80.903
80.937
88.291
88.229
81.473
81.32
88.689
88.665
81.873
81.852
89.071
89.037
82.374
82.298
89.504
89.564
82.734
82.777
89.918
89.89
83.107
83.239
90.077
90.059
83.628
83.557
90.812
90.751
83.701
83.864
90.874
90.989
84.18
84.009
95.316
91.466
84.618
84.665
91.842
91.915
84.933
85.043
92.459
92.177
85.529
85.714
92.482
92.701
86.322
85.983
92.966
92.967
86.47
86.576
93.404
93.438
86.965
86.883
93.799
93.717
87.493
87.389
94.141
93.877
87.74
87.822
94.547
94.657
88.168
88.182
94.939
94.966
88.714
88.598
95.26
95.449
88.977
89.017
95.514
95.616
89.375
89.389
95.994
96.077
89.926
89.808
96.442
96.455
90.155
90.279
96.8
96.88
90.593
90.604
97.06
97.152
91.126
91.024
97.211
97.424
90.945
91.483
97.77
97.622
91.267
91.505
98.144
98.051
92.003
92.18
98.446
98.626
92.299
92.631
98.834
98.789
92.796
92.892
99.197
99.02
93.106
93.4
99.531
99.648
93.497
93.748
99.998
99.98
93.715
94.128
100.288
100.254
94.102
94.414
100.762
100.703
94.573
94.803
100.917
100.95
94.965
95.19
101.167
101.32
95.415
95.521
101.452
101.719
95.908
95.645
101.9
101.947
96.368
96.097
102.232
102.442
96.744
96.482
102.643
102.685
97.162
96.821
101.759
102.323
97.492
97.271
71.76
71.778
97.611
97.576
72.66
72.284
98.194
100.937
73.141
72.819
98.238
98.28
73.296
73.368
98.545
98.585
73.699
73.831
99.043
99.331
74.293
74.342
99.511
99.622
