30.363
30.803
30.696
30.571
32.708
31.409
33.592
36.941
86.287
86.601
85.608
82.357
63.911
60.117
76.784
62.279
85.868
72.411
73.015
86.274
44.662
59.44
59.403
44.468
44.556
59.362
59.28
44.412
44.326
59.443
59.204
44.636
44.483
59.522
59.407
44.58
44.784
59.735
59.585
44.939
44.698
59.603
59.58
44.862
44.669
59.727
59.542
44.95
44.759
59.874
59.672
44.927
44.92
59.916
59.709
45.068
44.925
59.85
59.688
45.167
45.014
59.615
59.859
45.064
45.054
60.267
59.705
45.296
45.185
60.24
60.023
45.407
45.374
60.179
59.88
45.409
45.499
60.322
60.209
45.631
45.211
60.371
60.18
45.59
45.339
60.45
60.396
45.628
45.545
60.515
60.222
45.495
45.478
60.663
60.476
45.508
45.579
60.716
60.277
45.782
45.968
60.765
60.588
46.031
46.061
60.783
60.697
46.057
46.042
60.816
60.745
46.005
45.998
60.649
60.706
46.11
46.263
60.72
60.566
46.359
46.293
61.084
60.762
46.262
45.962
60.887
60.993
46.57
34.346
60.982
61.032
34.795
34.609
61.118
61.132
34.561
34.204
61.479
61.149
34.532
34.844
61.137
61.139
34.568
34.755
61.202
61.242
34.725
34.998
61.45
61.521
34.878
34.952
61.263
61.334
34.915
35.018
61.602
61.566
35
35.145
61.7
61.767
35.085
35.206
61.725
61.731
35.141
35.037
61.857
61.809
35.493
35.431
61.925
61.936
35.415
35.619
61.979
62.063
35.399
35.673
62.239
61.867
35.499
35.732
62.222
62.156
35.528
35.823
62.274
62.298
35.789
35.931
62.413
63.07
35.844
36.079
62.845
62.477
35.96
36.08
62.867
62.637
36.133
36.163
62.957
62.71
36.106
36.155
63.065
62.833
36.064
36.439
62.839
62.808
36.246
36.421
62.885
62.87
36.359
36.54
63.134
63.028
36.459
36.62
63.035
63.124
36.466
36.767
63.42
63.28
36.724
36.755
63.284
63.312
36.696
36.864
63.279
63.305
36.822
37.01
63.47
63.435
36.902
37.122
63.519
63.455
36.999
37.164
63.785
63.789
37.111
37.253
63.65
63.755
37.167
37.349
63.629
63.834
37.304
37.5
63.986
63.905
37.367
