30.587
30.388
30.651
30.858
36.619
33.07
32.167
37.193
77.244
97.581
86.199
103.736
104.075
115.856
93.799
104.405
91.556
107.761
75.401
80.49
75.574
81.616
76.18
87.843
81.619
81.479
88.41
88.757
81.378
81.603
88.238
88.413
81.492
81.219
88.139
88.419
81.408
81.267
88.343
88.504
81.351
81.164
88.327
88.547
81.066
81.227
88.269
88.406
81.456
81.616
88.512
88.539
81.292
81.672
88.557
88.597
81.626
81.783
88.585
88.675
81.71
81.648
88.755
88.64
81.663
81.511
88.471
88.718
81.625
81.955
88.455
88.65
81.662
81.735
88.581
88.696
81.597
82.075
88.844
88.884
81.762
81.808
89.019
88.926
81.782
81.967
88.744
88.953
82.206
81.892
88.731
88.96
82.047
82.066
89.008
89.076
82.056
82.269
89.035
89.045
82.049
81.987
89.052
88.813
82.137
82.114
89.048
89.162
82.163
82.236
89.315
89.353
82.283
82.229
89.204
89.305
82.279
82.359
89.283
89.303
82.397
82.233
89.369
89.392
82.353
82.317
89.356
89.387
82.428
82.411
89.303
89.436
82.692
82.263
89.423
89.461
82.472
82.569
89.524
89.555
82.567
82.573
89.451
89.68
82.637
82.759
89.549
89.679
82.797
82.725
89.646
89.707
82.805
82.778
89.751
89.861
82.775
82.816
89.634
89.833
82.808
82.782
89.643
89.759
82.918
82.896
89.793
89.772
82.92
82.854
89.91
90.063
83.04
83.012
89.879
90.108
82.983
83.173
89.915
90.04
83.139
83.2
90.095
90.18
83.104
83.166
89.999
90.228
83.272
83.002
90.159
90.192
83.194
83.204
90.037
90.209
83.276
83.297
90.147
90.404
83.414
83.032
90.441
90.414
83.238
83.389
90.522
90.435
83.376
83.421
90.319
90.301
83.537
83.325
90.374
90.547
83.517
83.536
90.492
90.567
83.617
83.412
90.552
90.568
83.679
83.614
90.572
90.713
83.45
83.685
90.776
90.783
83.873
83.827
90.726
90.8
83.895
83.785
90.77
90.928
83.902
83.897
90.816
90.758
83.851
83.871
90.74
91.003
83.989
83.888
90.97
90.887
84.012
83.895
91.064
90.793
83.827
84.134
91.03
91.028
