30.912
30.492
30.406
30.479
42.675
32.932
32.043
37.565
78.19
81.289
79.912
86.397
77.479
47.396
58.241
76.209
80.384
87.173
86.959
79.984
80.324
44.72
44.787
80.106
80.029
45.908
44.873
80.054
81.317
44.884
44.872
80.111
80.325
44.929
44.796
80.442
80.501
45.009
44.821
80.462
80.55
45.028
44.948
80.503
80.663
45.66
45.291
80.503
80.683
45.568
45.234
80.627
81.8
45.624
45.506
80.679
80.724
45.405
45.363
80.748
82.618
45.561
45.624
80.904
80.785
45.736
45.731
80.886
81.033
45.841
45.696
80.914
80.897
46.063
45.953
80.961
81.002
46.465
45.923
80.993
82.368
46.04
46.059
81.138
81.38
46.299
46.196
81.156
81.308
46.288
46.209
81.382
81.24
46.371
46.255
81.433
82.11
46.526
46.535
81.411
81.587
46.614
46.588
81.451
82.397
46.527
46.645
81.724
81.595
46.74
46.672
81.647
81.75
46.86
46.808
81.823
81.837
46.983
46.793
81.719
81.895
47.042
46.958
82.007
83.156
47.83
47.184
82.016
82.03
47.981
47.141
81.975
82.219
47.291
47.29
82.036
82.212
47.489
47.393
82.196
82.866
47.516
47.448
82.305
82.434
48.16
47.65
82.235
83.189
47.705
47.683
82.526
82.561
48.478
47.802
82.624
82.67
47.95
47.911
82.658
82.705
47.984
47.743
82.659
82.811
47.962
48.01
82.798
82.924
48.177
48.133
82.933
82.932
48.309
48.253
82.9
82.962
48.445
48.224
83.06
83.171
48.438
48.366
83.061
83.103
48.506
48.42
83.1
83.296
48.593
48.618
83.273
83.425
48.842
48.752
83.409
83.294
49.546
48.838
83.538
83.569
48.809
48.873
83.498
83.523
49.182
48.997
83.526
83.782
49.137
49.016
83.747
83.728
49.209
49.119
83.715
83.8
49.398
49.272
83.727
83.91
49.505
49.507
83.848
85.019
49.57
49.557
84.022
84.004
49.533
49.598
84.056
84.142
49.668
49.613
84.1
84.13
49.77
49.726
84.124
84.435
50.007
49.834
84.372
84.376
50.053
50.01
84.369
84.311
50.107
50.098
84.305
84.637
50.325
50.213
84.496
85.807
50.464
50.049
84.634
84.826
50.728
50.335
84.71
