30.358
30.336
30.415
30.423
33.529
32.3
36.565
32.286
88.237
89.048
72.158
94.701
73.245
62.118
77.84
63.766
99.612
98.44
96.937
98.708
68.674
68.592
70.891
70.57
69.802
69.633
71.349
72.962
69.617
69.679
71.318
71.511
69.416
69.527
71.377
71.482
69.564
69.861
71.374
71.558
69.4
69.7
71.167
71.204
69.503
69.811
71.244
71.138
69.461
69.76
71.302
71.422
69.568
69.884
71.416
71.437
69.773
69.94
71.24
71.461
69.69
69.757
71.348
71.334
69.621
69.668
71.385
71.439
69.651
69.68
71.385
71.476
69.743
69.755
71.139
71.281
69.914
69.701
71.442
71.381
69.86
70.068
71.498
71.412
69.779
69.894
71.393
71.393
70.283
70.109
72.336
71.45
70.013
70.073
71.481
71.549
70.025
70.043
71.424
71.375
69.924
70.236
71.404
71.365
70.31
70.268
71.369
71.32
70.362
70.251
71.496
71.74
70.342
70.292
71.424
71.342
70.132
70.192
71.432
71.359
69.924
70.285
71.491
71.112
70.236
70.494
71.402
71.393
70.22
70.412
71.393
71.391
70.137
70.441
71.408
71.409
70.205
70.446
71.431
71.391
70.146
70.434
71.45
71.309
70.392
70.508
71.435
71.377
70.357
70.547
71.221
71.352
70.352
70.545
71.404
72.967
70.383
70.447
71.418
71.372
70.359
70.578
71.378
71.396
70.548
70.695
71.36
71.444
70.506
70.657
71.436
71.102
70.473
70.666
71.458
71.391
70.575
70.805
71.433
71.35
70.699
70.731
71.395
71.341
70.625
70.793
71.292
71.33
70.581
70.61
71.235
71.277
70.592
70.731
71.176
71.339
70.68
70.601
71.162
71.338
70.42
70.655
71.374
71.38
70.687
70.565
71.401
71.349
70.7
70.78
71.442
71.104
70.769
70.815
71.378
71.385
70.823
70.647
71.451
71.313
70.843
70.939
71.431
71.365
71.05
71.123
71.433
71.398
70.997
71.142
71.402
71.24
70.873
71.217
71.439
71.355
71.127
71.433
71.431
71.346
71.207
71.402
71.447
71.266
71.241
71.481
71.411
71.283
71.293
71.302
71.465
71.342
71.151
71.31
71.435
71.297
71.527
71.444
71.521
71.486
71.336
71.637
71.55
71.435
