30.493
30.421
30.572
30.858
36.806
32.374
31.603
31.638
76.25
95.088
90.438
92.337
76.164
62.621
69.724
65.182
106.701
98.8
98.448
99.211
50.125
50.188
88.282
96.549
49.799
49.968
81.269
81.32
50.073
50.194
81.286
81.32
50.181
50.371
81.307
86.987
50.362
50.531
81.297
81.162
50.396
50.663
81.367
81.505
50.446
50.779
81.354
81.491
50.787
51.048
81.381
81.501
50.939
51.039
81.395
81.37
51.011
51.171
81.454
81.648
51.036
51.218
81.363
86.772
51.397
51.635
81.309
81.468
51.455
51.307
81.432
81.517
51.805
51.677
81.368
81.255
51.646
51.629
81.409
81.138
51.925
51.621
81.438
81.471
51.926
51.823
81.399
81.498
52.053
52.02
81.368
81.525
52.219
52.143
81.395
81.389
52.347
52.322
81.415
81.488
52.428
52.425
81.408
81.378
52.574
52.826
81.494
81.466
52.663
52.583
81.409
81.295
52.953
53.063
81.474
81.372
53.256
53.195
81.418
81.538
53.094
53.218
81.422
81.391
53.205
53.204
81.411
81.509
53.391
53.445
81.445
81.528
53.517
53.83
81.473
82.004
53.383
53.466
81.425
81.455
53.657
53.806
81.471
81.332
53.942
53.9
81.484
81.543
54.132
54.083
81.283
81.576
54.161
54.184
81.434
81.564
54.323
54.445
81.442
81.497
54.48
54.722
81.428
81.573
54.74
54.576
81.436
86.53
54.834
54.793
81.353
81.437
54.853
54.959
81.411
81.532
54.93
54.962
81.475
81.487
55.221
55.138
81.511
81.493
55.284
55.276
81.466
82.573
55.471
55.466
81.394
86.505
55.495
55.641
81.321
81.52
55.582
55.579
81.518
81.475
55.627
55.922
81.454
81.266
55.626
55.702
81.379
81.365
55.827
55.635
81.342
81.521
55.737
55.83
81.473
81.482
55.933
55.888
81.577
86.821
55.909
55.941
81.563
81.635
55.914
55.784
81.593
81.453
55.828
56.128
81.704
81.722
55.926
55.799
81.67
81.632
55.764
55.896
81.768
81.833
55.759
55.851
81.828
81.861
56.032
56.019
81.84
81.874
56.047
55.933
81.818
82.012
55.984
56.054
81.914
81.965
56.053
55.95
82.001
81.972
