30.521
30.701
30.815
30.381
35.778
32.806
31.34
32.611
60.189
63.456
63.383
54.341
56.204
62.046
61.19
62.359
31.671
39.352
39.233
31.293
31.97
39.104
39.212
31.943
32.305
39.041
39.316
32.355
32.388
39.297
39.135
32.052
32.595
39.272
39.15
32.441
32.794
39.255
39.165
32.686
33.111
39.24
39.11
32.837
33.079
39.347
39.207
32.963
33.222
39.306
39.156
33.151
33.593
39.311
39.131
33.531
33.741
39.355
39.099
33.791
33.997
39.317
39.341
33.657
34.213
39.575
39.305
33.975
34.355
39.44
39.286
34.01
34.398
39.463
39.326
34.346
34.704
39.429
39.307
34.371
34.687
39.528
39.525
34.296
34.969
39.619
39.42
34.746
35.07
39.603
39.29
34.994
35.28
39.566
39.194
35.151
35.002
39.707
39.547
35.105
35.634
39.695
39.544
35.211
35.702
39.675
39.565
35.578
35.901
39.697
39.561
35.67
36.104
39.691
39.453
35.862
36.258
39.707
39.746
35.977
36.517
39.878
39.686
36.207
36.567
39.634
39.691
36.381
36.763
39.811
39.732
36.396
36.859
39.796
39.681
36.693
37.114
39.642
39.696
36.735
37.116
39.663
39.725
36.991
37.269
39.688
39.663
37.047
37.406
39.691
39.734
37.236
37.344
39.709
39.674
37.237
37.49
39.595
39.565
37.333
37.49
39.925
39.825
37.594
37.613
39.995
39.906
37.322
37.591
39.886
39.981
37.421
37.743
39.906
39.984
37.544
37.723
39.976
40.033
37.77
37.892
40.045
40.047
37.709
37.9
40.097
40.153
37.799
37.984
40.089
40.047
37.809
37.989
40.272
40.308
37.724
38.105
40.308
40.45
37.882
38.127
40.224
40.288
37.887
38.245
40.543
40.531
38.043
38.406
40.545
40.599
38.117
38.32
40.683
40.602
38.155
38.34
40.516
40.433
38.164
38.465
40.671
40.67
38.284
38.432
40.62
40.8
38.303
38.565
39.267
38.465
38.419
38.619
30.323
30.178
38.334
38.702
30.215
30.285
38.373
38.614
30.524
30.471
38.416
38.575
30.242
30.265
38.381
38.542
30.214
30.331
38.421
38.364
30.371
30.249
38.129
38.333
30.416
30.357
38.176
