30.517
30.342
31.012
30.585
31.304
30.253
32.335
30.229
30.617
30.483
30.386
30.962
32.046
31.878
30.314
30.504
30.579
30.574
30.506
30.471
32.44
31.993
31.014
30.359
32.482
31.251
30.451
30.385
30.769
30.723
30.564
30.494
32.504
32.382
31.299
30.542
31.023
30.6
30.392
31.718
30.749
31.344
31.199
30.409
32.103
32.395
30.514
30.55
30.748
30.825
31.565
31.607
32.331
32.158
30.58
30.67
32.346
31.127
32.789
31.61
30.814
30.543
31.374
30.527
32.121
32.505
30.521
30.575
31.762
30.493
31.079
31.73
30.594
30.595
30.941
30.362
32.443
32.434
30.86
31.577
30.449
30.496
31.16
30.59
30.766
31.007
30.993
30.327
32.088
32.339
32.01
31.791
30.63
30.508
30.815
30.533
31.397
32.294
31.07
31.595
32.163
30.801
31.435
31.631
30.841
30.663
30.936
30.378
31.994
32.119
31.533
31.712
30.889
30.698
30.791
30.65
30.56
30.611
33.175
31.564
32.079
32.445
31.89
30.874
30.524
30.449
31.14
30.51
32.154
32.136
31.577
31.645
32.324
31.11
30.642
30.542
30.67
30.753
30.566
31.653
32.462
32.5
31.749
31.521
30.941
30.58
30.582
30.407
30.55
30.581
31.351
31.532
32.143
32.301
30.567
30.436
30.61
30.556
30.555
31.592
30.677
32.168
31.307
30.682
32.256
32.434
30.628
30.326
30.835
30.713
31.385
31.555
32.089
32.269
30.544
30.5
32.019
30.493
30.625
31.587
30.77
30.696
31.661
30.641
32.086
32.255
30.706
30.574
30.681
30.851
31.5
31.526
30.54
31.984
30.88
30.559
32.079
34.17
31.841
31.746
30.507
30.544
31.659
30.373
32.301
32.593
30.737
30.405
32.378
30.495
31.76
31.556
30.561
30.698
31.192
30.496
32.395
32.444
31.054
31.586
30.861
30.818
31.38
30.567
30.927
31.534
30.596
30.463
32.006
32.279
31.614
31.66
30.628
30.729
30.544
30.39
31.793
32.163
31.071
31.498
32.079
30.964
31.585
30.49
30.82
30.712
30.685
30.448
32.18
32.502
31.319
31.541
33.894
30.508
30.584
30.409
30.755
30.914
30.816
31.576
32.117
32.513
31.34
30.709
