30.278
30.349
30.868
30.342
30.286
33.001
40.215
30.444
30.265
45.07
43.954
30.262
30.188
53.637
53.688
30.269
58.219
53.966
54.037
58.875
61.7
47.216
50.426
63.345
48.785
35.911
37.287
48.176
30.257
56.755
57.493
30.18
30.196
61.854
61.424
30.212
30.192
33.241
43.134
30.188
30.206
61.841
58.768
30.203
30.194
53.468
59.847
30.217
30.228
30.366
31.106
30.233
30.231
30.395
31.498
30.301
33.407
30.367
31.106
33.486
44.75
30.356
30.852
44.926
51.992
30.54
31.544
52.327
61.2
30.399
30.969
61.307
61.866
33.017
33.433
60.609
49.716
39.579
39.271
49.568
55.752
50.125
49.958
55.87
61.112
60.674
59.523
60.754
60.775
59.751
60.611
62.474
45.444
34.015
33.991
44.92
39.198
45.104
45.37
39.097
32.318
43.791
44.504
32.247
30.183
42.881
44.785
30.318
30.221
42.517
43.861
30.304
30.234
45.86
46.034
30.259
30.207
46.727
47.484
30.218
30.302
37.672
38.173
30.211
30.27
33.38
34.266
30.199
30.61
34.298
35.568
30.634
36.335
37.203
37.636
36.179
42.31
36.216
36.734
42.296
52.071
37.126
36.779
52.104
59.352
33.399
33.158
59.367
61.047
33.961
33.452
61.173
61.258
33.059
33.224
60.979
63.313
36.756
36.734
61.127
60.877
37.931
37.691
60.985
61.307
36.497
36.574
61.168
61.263
40.747
40.609
60.246
59.118
41.679
40.988
58.824
49.746
42.363
42.474
49.189
46.092
37.938
38.308
45.453
40.915
43.416
43.069
40.514
36.439
38.079
38.202
36.443
31.006
42.496
42.423
30.384
30.911
39.779
40.201
30.441
30.523
40.298
40.337
30.348
30.617
39.274
39.145
30.365
32.735
43.312
43.282
32.55
38.594
40.957
40.745
38.52
45.433
38.574
38.977
44.929
50.034
39.42
39.692
49.634
52.526
40.78
40.898
52.048
48.258
40.225
40.134
47.832
33.132
40.58
40.443
32.663
30.924
40.452
40.538
30.263
31.017
41.678
41.776
30.286
30.819
41.784
42.044
30.285
30.653
38.852
39.084
30.284
30.828
40.93
40.868
30.288
31.115
39.304
39.514
30.788
