30.594
30.869
30.459
30.227
32.747
31.662
36.08
33.021
45.985
44.624
47.093
43.216
36.51
31.749
35.754
37.335
30.539
30.207
30.619
30.742
30.475
30.264
30.306
30.756
30.68
30.559
30.561
30.767
30.697
30.58
30.89
30.862
30.908
30.796
30.868
30.901
30.95
30.899
30.838
30.698
30.88
30.945
31.254
30.91
31.198
31.095
31.219
31.335
31.404
31.408
31.093
31.412
31.456
31.251
31.449
31.411
31.712
31.655
31.334
31.336
31.753
31.725
31.814
31.588
31.76
31.524
31.723
31.896
32.049
31.878
31.718
31.797
32.141
32.132
31.913
31.935
32.305
32.202
31.827
31.794
32.437
32.233
32.189
32.178
32.523
32.484
32.301
32.148
32.631
32.567
32.278
32.281
32.763
34.186
32.294
32.392
32.894
32.782
32.427
32.399
33.045
32.908
32.522
32.54
33.21
33.181
32.577
32.802
33.247
33.184
32.791
32.803
33.359
33.434
32.943
32.822
33.611
33.418
33.022
33.268
33.398
33.52
33.074
33.253
33.861
33.772
33.277
33.28
33.915
33.758
33.352
33.314
33.94
33.887
33.406
33.381
34.105
33.859
33.496
33.462
34.281
34.213
33.518
33.617
34.353
34.207
33.629
33.639
34.265
34.398
33.74
33.777
34.376
34.451
34.068
34.125
34.701
34.612
34.034
34.098
34.496
34.846
34.139
34.221
34.56
34.91
35.212
34.86
35.084
34.988
34.357
34.271
35.236
35.195
34.629
34.834
35.21
35.077
34.473
34.614
35.461
35.365
34.746
34.72
35.457
35.426
34.775
34.863
35.271
36.599
34.948
34.981
35.699
35.556
35.085
35.041
35.796
35.857
35.152
35.183
35.944
35.936
35.574
35.347
36.064
36.008
35.273
35.265
36.196
36.157
35.636
35.563
36.162
36.136
35.568
35.542
36.39
36.182
35.787
35.751
36.418
36.292
35.8
35.798
36.567
36.523
35.752
35.792
36.629
36.619
35.986
36.006
36.753
36.66
36.056
36.22
36.757
36.775
36.42
36.401
37.01
37.027
36.42
36.302
36.876
37.016
36.398
36.546
37.128
37.163
36.616
36.565
37.1
37.147
36.662
36.777
37.328
37.316
36.784
36.792
