30.433
30.421
30.404
30.39
30.648
31.042
30.959
30.744
30.314
30.286
30.228
30.279
30.252
30.264
30.223
30.213
58.758
59.339
63.37
59.298
112.455
92.615
113.637
92.534
114.57
97.688
113.38
96.957
59.766
30.234
63.463
30.213
114.023
30.184
113.556
30.24
115.114
30.18
113.842
30.217
75.814
30.18
63.462
30.221
30.329
30.234
30.951
30.187
31.968
30.206
32.076
30.205
32.016
30.182
31.915
30.234
40.477
30.191
40.35
30.226
53.439
30.252
53.936
30.288
59.7
32.613
59.487
32.809
66.938
42.638
66.739
42.82
69.393
62.009
69.392
62.408
65.437
72.716
65.508
72.709
56.813
81.832
56.468
81.89
36.486
89.709
36.045
89.892
30.355
101.445
30.294
101.708
30.25
112.439
30.289
112.455
30.242
109.651
30.283
106.633
30.272
79.835
30.275
79.737
30.251
95.314
30.293
95.634
30.363
101.483
30.729
101.386
30.388
106.985
30.263
107.093
32.211
106.933
32.112
106.873
45.437
100.92
45.682
100.774
51.825
92.717
51.966
92.466
67.367
76.383
67.376
76.223
78.19
49.132
77.992
48.4
83.89
30.16
83.894
30.17
78.015
30.175
78.099
30.201
68.175
30.209
68.235
30.194
46.815
30.19
46.495
30.187
30.204
30.229
30.276
30.177
30.267
30.199
30.29
30.235
30.236
30.206
30.301
30.299
30.264
30.206
30.289
30.432
30.305
36.578
30.288
37.1
30.183
46.382
30.28
46.742
30.276
60.865
30.318
61.17
30.387
70.411
30.358
70.511
39.914
75.324
39.88
75.395
46.675
73.817
47.2
73.807
56.083
66.243
56.151
66.189
61.357
51.95
61.267
51.453
60.863
30.241
60.891
30.172
54.447
30.179
54.864
30.168
37.013
30.161
36.473
30.188
30.193
30.235
30.292
30.232
30.238
30.239
30.171
30.162
30.2
30.227
30.284
30.18
30.244
30.375
30.294
30.291
30.278
30.253
30.275
30.331
30.307
34.563
30.302
34.508
30.327
45.771
30.343
46.361
38.15
52.388
38.17
52.432
49.484
58.846
49.601
59.125
57.444
61.322
57.318
61.263
64.866
55.513
65.026
55.577
74.844
43.975
74.824
43.499
87.494
30.185
87.264
30.282
