30.423
30.416
30.363
30.428
33.684
34.276
39.632
36.636
84.837
85.064
85.732
69.09
60.496
67.291
65.781
66.629
72.749
69.322
69.44
80.811
44.677
69.818
69.897
44.673
45.756
70.413
70.601
45.995
46.611
70.903
71.069
46.49
47.279
71.406
71.399
46.822
47.989
71.838
71.934
48.024
48.744
72.404
72.485
48.766
49.409
72.971
72.945
49.356
50.173
73.468
73.454
49.976
50.929
74.054
73.861
50.847
51.518
74.527
74.269
51.398
52.221
75.03
74.808
51.898
52.898
75.486
75.275
52.581
53.721
75.944
75.777
53.163
54.181
76.484
76.263
53.862
54.67
76.823
76.746
54.241
55.394
77.231
77.246
58.845
55.692
77.667
77.813
55.614
56.417
78.147
78.161
56.136
56.876
78.625
78.626
56.692
57.123
79.114
79.175
57.392
57.974
79.547
79.514
57.876
58.69
79.801
80.005
58.385
59.267
80.332
80.418
59.106
59.819
80.614
80.847
59.562
60.379
81.19
81.314
60.202
60.964
81.557
81.85
60.833
61.461
81.856
82.148
61.25
62.206
82.413
82.689
61.759
62.742
82.938
83.08
62.376
63.136
83.083
83.366
62.984
63.823
83.486
83.917
63.665
64.382
84.065
83.911
64.246
64.757
84.561
84.424
64.803
65.469
84.874
85.034
65.143
65.937
85.195
85.524
65.556
66.375
85.628
86.04
66.274
66.985
86.31
86.286
66.689
67.664
86.458
86.618
67.111
68
77.959
83.878
67.773
68.486
62.727
63.311
68.28
68.975
63.642
63.753
68.749
69.452
64.256
64.177
69.214
70.015
64.747
64.781
69.662
70.553
65.248
65.334
70.177
71.042
65.838
65.851
70.732
71.494
66.291
66.352
71.183
72.029
66.809
66.795
71.985
72.499
67.334
67.324
72.091
73.033
67.766
67.901
72.813
73.435
68.459
68.368
73.425
73.941
69.017
68.938
73.644
74.37
69.475
69.448
74.058
74.75
69.931
69.884
74.59
75.039
70.484
70.394
74.894
75.607
70.86
70.813
75.381
76.09
71.544
71.323
75.928
76.585
72.041
71.924
76.144
76.632
72.462
72.442
76.736
77.088
72.98
72.981
77.229
77.519
73.525
73.246
77.621
