30.4
30.333
30.392
30.394
30.656
30.559
30.849
30.582
30.595
30.252
30.285
30.262
30.171
30.249
30.302
30.253
53.392
60.239
61.096
53.779
86.35
94.034
94.006
87.465
99.976
101.597
99.962
100.25
100.722
101.311
100.601
98.841
100.098
96.382
100.804
78.359
72.794
69.254
72.037
72.824
101.368
105.166
101.043
103.648
55.553
30.954
67.512
38.976
43.953
85.882
87.718
43.864
32.206
99.663
99.274
30.67
30.322
52.355
52.454
30.336
30.332
53.251
53.421
30.32
30.347
41.571
41.671
30.251
30.341
36.774
37.044
30.304
30.35
30.296
30.809
30.418
33.618
30.53
31.016
33.858
39.384
30.276
30.588
39.174
46.304
30.419
30.587
46.584
50.466
30.321
30.767
50.434
41.618
30.603
31.021
41.334
30.244
35.758
35.975
30.249
30.331
42.572
42.766
30.311
30.298
52.522
52.621
30.281
30.328
61.47
62.001
30.261
30.33
64.109
65.012
30.274
30.492
80.601
80.993
30.291
30.351
82.014
82.006
30.346
35.706
87.965
88.023
36.053
42.253
90.653
91.011
42.596
51.971
90.226
90.497
51.942
57.674
88.872
88.735
57.408
49.079
79.18
79.442
48.544
30.652
65.612
66.087
30.403
30.147
40.096
39.922
30.228
30.263
30.232
30.188
30.254
30.325
30.241
30.257
30.227
30.275
30.202
30.267
30.365
30.255
30.234
30.292
30.273
30.923
30.229
30.259
30.303
32.679
30.235
30.285
32.419
37.992
30.436
30.819
38.125
45.884
38.838
39.7
45.318
54.875
41.204
41.793
54.427
59.269
51.849
52.142
58.47
62.736
52.772
52.607
62.48
62.594
50.334
50.343
62.311
60.49
41.408
41.392
60.188
54.867
30.386
30.232
54.808
41.884
30.231
30.251
40.995
30.827
30.179
30.306
30.332
30.385
30.222
30.3
30.196
30.328
30.277
30.328
30.254
30.292
30.396
30.398
30.326
30.282
39.003
40.038
30.317
30.308
38.191
39.239
30.392
31.984
47.007
46.962
31.903
43.369
39.278
39.206
42.668
47.585
30.195
30.192
46.748
61.525
30.16
30.18
61.174
67.223
30.193
30.207
67.229
80.148
30.237
30.378
79.489
89.103
30.254
30.323
88.933
