30.336
30.49
30.62
30.895
30.265
31.713
30.226
31.688
33.12
31.358
30.343
31.75
30.548
30.931
31.994
30.423
32.313
32.357
30.365
30.506
30.58
30.597
30.334
30.501
31.724
30.65
30.417
30.629
32.119
32.291
30.486
30.399
30.579
30.615
30.496
31.316
32.302
32.182
31.732
30.707
30.651
30.509
30.447
30.989
30.789
30.83
31.571
31.483
32.351
32.189
31.246
30.485
30.651
30.84
30.598
31.035
30.927
31.159
31.834
30.325
32.715
32.264
30.485
30.762
30.429
30.482
31.109
30.68
32.366
32.058
31.238
31.445
30.685
30.607
30.42
30.604
30.563
31.021
31.698
31.267
32.502
30.717
30.494
30.65
30.529
30.439
31.595
31.395
31.987
31.919
30.551
31.155
30.843
31.499
30.982
30.507
30.4
30.513
31.692
31.491
32.475
32.812
30.422
31.064
30.435
30.83
31.704
31.515
32.034
31.441
30.503
30.666
31.546
32.543
31.609
31.414
30.443
30.726
30.428
31.057
32.574
32.665
30.537
30.832
30.442
30.602
31.621
31.709
31.983
31.775
30.339
30.669
31.789
32.805
31.595
31.557
30.604
30.716
30.444
30.998
32.421
32.53
31.616
31.561
30.492
30.634
30.488
30.606
32.281
32.233
31.669
30.674
30.666
32.171
31.045
31.366
30.518
30.673
30.342
30.552
32.49
32.725
31.754
31.736
30.44
30.379
30.485
30.702
32.511
32.161
31.651
31.409
30.528
31.05
30.381
30.579
31.997
31.786
31.587
31.401
32.512
31.934
30.541
31.525
30.33
30.358
30.564
30.558
32.448
32.699
31.593
31.434
30.562
31.371
30.478
30.629
30.909
30.576
31.567
31.416
32.441
32.028
30.386
30.507
30.459
30.422
31.575
31.535
32.366
32.515
30.509
31.206
30.545
31.17
30.648
30.611
30.38
30.548
31.546
31.934
32.427
31.772
30.386
30.547
30.436
30.559
31.818
31.59
32.273
32.829
30.468
30.694
30.563
32.387
31.376
30.79
30.388
30.485
31.655
31.507
32.412
32.009
30.44
30.593
30.449
30.63
31.688
31.466
30.323
30.544
30.518
30.77
32.436
32.624
31.338
30.911
30.555
30.698
31.893
31.613
32.38
31.717
30.505
30.69
