30.39
30.465
30.382
30.453
30.956
30.649
30.361
30.745
30.316
30.358
30.322
30.259
30.352
30.373
30.829
30.379
48.786
84.736
39.122
87.931
40.665
90.32
62.228
88.225
66.41
62.692
39.865
76.918
85.481
92.216
79.833
88.689
78.945
91.228
87.04
85.821
42.563
42.815
59.8
49.24
79.198
89.954
75.466
88.375
39.103
88.972
44.877
86.462
75.114
76.016
69.887
81.362
65.015
88.134
59.287
88.653
32.383
88.523
71.918
83.618
56.433
72.462
51.368
75.398
88.875
87.89
86.93
88.549
38.26
88.222
30.257
88.095
52.661
57.976
50.154
62.078
88.284
90.169
84.676
88.336
86.295
88.859
83.37
88.607
51.107
63.324
48.554
65.249
88.623
72.123
82.66
72.378
83.357
69.392
84.319
44.276
68.511
30.229
64.892
30.355
88.116
30.2
88.448
30.322
51.82
30.35
61.994
30.321
88.691
30.291
86.509
30.348
83.562
30.212
83.508
30.748
62.197
36.532
62.14
37.073
39.622
50.687
39.792
51.366
30.354
69.374
30.255
70.321
30.81
88.156
30.383
87.915
30.376
88.889
30.196
88.493
30.864
50.579
30.289
46.178
32.151
69.666
31.714
71.042
42.052
90.604
41.659
90.208
54.492
89.332
53.9
87.959
46.196
48.133
45.493
48.66
76.527
69.552
76.013
70.358
89.027
82.226
87.275
82.889
81.643
42.998
83.319
48.225
64.577
42.971
63.873
43.255
89.332
61.506
90.34
61.935
88.187
68.461
89.28
78.372
52.849
44.192
52.01
45.162
87.675
67.891
85.729
69.006
88.651
88.154
90.336
89.074
30.532
33.961
30.192
34.208
30.375
68
30.316
68.937
30.891
86.754
30.851
87.185
30.908
91.785
30.934
89.123
30.349
36.854
30.435
32.655
34.173
60.317
34.473
61.204
44.241
86.661
44.034
87.109
59.986
89.218
59.999
87.887
72.019
89.286
72.969
89.443
52.317
69.409
51.703
69.984
69.234
72.699
70.126
73.202
90.146
88.313
89.209
90.137
88.525
87.81
87.893
86.352
58.908
35.385
59.412
36.247
90.022
48.041
90.034
48.223
86.604
36.168
88.075
55.899
55.589
31.972
56.506
32.605
89.263
45.482
88.011
45.779
