30.401
30.401
30.416
30.351
30.961
30.272
30.6
30.89
30.278
30.251
30.392
30.318
30.363
30.895
30.244
30.239
61.519
50.077
53.129
53.433
61.28
60.25
60.555
61.301
61.4
58.721
61.255
62.42
30.357
32.321
30.206
30.187
30.352
30.527
30.19
30.226
30.358
30.828
30.194
30.194
30.41
30.596
30.221
30.181
30.216
30.579
30.194
30.172
30.21
30.506
30.212
30.175
30.414
30.697
30.38
30.3
37.806
38.016
32.809
32.904
56.313
56.484
45.808
46.12
60.61
60.298
60.309
60.917
60.416
60.066
62.124
60.608
57.06
57.322
60.232
59.532
58.595
58.907
60.238
61.929
58.496
60.037
60.118
63.163
49.5
50.095
55.249
55.262
30.475
31.48
31.783
31.354
30.247
30.383
30.208
30.189
30.359
30.422
30.198
30.201
30.343
30.359
30.163
30.27
30.331
30.427
30.209
30.203
30.349
30.325
30.342
30.174
30.199
30.405
30.322
30.226
30.598
30.86
30.293
30.524
37.395
37.437
36.982
37.045
47.07
46.925
46.644
46.977
56.808
56.565
50.703
50.948
61.449
61.27
54.053
54.12
61.41
61.245
51.935
51.707
60.986
61.291
45.488
45.315
56.249
56.403
30.296
30.459
53.006
53.291
30.159
30.233
37.607
37.45
30.404
30.211
30.268
30.358
30.251
30.416
30.294
30.333
30.311
30.182
30.289
30.276
30.336
30.176
31.039
30.289
30.278
30.27
31.065
30.298
34.938
35.127
31.021
30.245
43.811
42.99
32.93
32.139
55.626
55.625
41.811
41.149
61.073
60.245
48.528
47.589
62.191
60.629
53.012
52.299
58.274
57.979
45.97
45.461
57.839
57.84
30.306
30.297
57.054
56.942
30.286
30.193
43.4
43.302
30.272
30.195
30.524
30.363
30.31
30.288
30.159
30.214
30.277
30.309
30.377
30.27
31.024
30.324
30.44
30.222
31.092
30.348
30.363
30.264
34.184
34.028
30.318
30.293
48.762
48.421
33.705
33.887
58.84
58.363
41.836
41.594
59.315
59.009
60.557
60.91
61.518
61.463
62.308
62.677
61.015
61.043
56.047
55.649
59.011
58.204
57.577
57.333
44.127
44.17
68.191
59.989
