30.904
30.571
30.448
30.775
33.211
39.4
32.83
31.608
91.813
97.722
87.631
89.733
69.307
62.811
74.032
73.303
97.691
101.087
98.456
98.515
94.94
68.001
67.476
94.858
49.6
67.912
67.719
49.725
49.775
67.718
67.884
50.052
49.769
67.64
67.695
50.046
49.725
67.751
67.728
49.549
49.884
67.942
67.884
49.808
49.98
67.855
67.952
50.101
50.044
67.855
67.597
49.906
50.125
67.934
68.092
49.964
50.3
68.154
68.099
50.199
50.274
68.023
68.145
50.894
50.333
68.102
68.147
50.248
50.432
68.238
68.244
50.491
50.546
68.301
68.332
50.493
50.515
68.347
68.287
50.473
50.61
68.305
68.469
50.39
50.642
68.407
68.301
50.727
50.852
68.519
68.523
50.687
50.97
67.945
68.453
50.914
50.864
68.469
68.628
50.846
51.054
68.671
68.625
51.311
51.174
68.381
68.73
50.996
46.524
68.498
68.849
49.685
41.509
68.826
68.884
41.57
41.726
68.996
69.024
41.93
41.753
68.904
68.888
41.812
42.003
69.07
69.001
41.911
41.912
69.086
68.976
42.632
42.054
68.83
69.195
42.353
41.98
69.216
69.184
42.067
42.293
69.335
69.08
42.352
42.385
69.081
69.416
42.893
42.463
69.184
69.475
42.76
42.684
69.46
69.565
43.2
42.705
69.555
69.551
43.006
42.764
69.631
69.699
43.788
42.821
69.461
69.731
42.886
43.022
69.775
69.756
43.185
43.103
69.869
69.875
43.328
43.092
69.647
69.407
43.241
43.342
69.892
69.972
43.337
43.444
69.841
70.087
43.526
43.582
69.753
70.053
44.637
43.484
69.964
70.184
43.529
43.851
69.95
70.22
43.825
43.684
69.846
70.051
43.865
43.801
70.163
70.224
43.95
44.008
70.11
70.127
43.893
44.164
70.37
70.582
44.142
44.16
70.339
70.59
44.18
44.436
70.44
70.708
44.473
44.285
70.504
70.798
44.869
44.482
70.586
70.511
44.606
44.522
70.746
70.915
44.684
44.758
70.689
70.945
44.824
44.671
70.963
71.127
44.735
44.875
70.865
70.858
46.03
44.96
70.983
71.339
45.514
45.106
71.006
71.33
45.451
45.152
71.12
71.083
45.179
45.214
71.156
71.441
45.32
