30.394
30.417
30.414
30.424
30.388
30.658
30.578
31.095
30.706
30.354
30.464
30.354
30.522
30.197
30.211
30.255
36.599
44.138
42.689
42.959
61.588
76.366
76.709
56.808
30.524
73.127
60.115
36.575
54.345
76.868
76.311
64.579
31.603
44.2
30.997
38.022
30.606
50.265
50.219
30.335
30.53
43.625
43.604
30.352
30.536
31.819
31.573
30.367
30.629
30.372
30.4
30.342
30.478
30.457
30.274
30.401
30.405
30.357
30.289
30.333
30.352
30.372
30.386
30.184
30.47
30.75
30.551
30.174
35.936
36.091
36.007
35.902
46.934
42.128
42.276
46.799
59.149
46.084
46.187
58.879
71.097
47.994
48.046
71.33
74.398
49.362
49.285
74.597
74.452
52.842
52.83
75.077
74.324
60.716
60.898
74.986
34.078
33.051
33.19
34.185
38.803
30.191
30.184
38.618
45.772
30.308
30.354
45.862
50.229
30.32
30.304
50.143
55.189
30.312
30.189
54.936
58.288
30.455
30.258
57.931
68.177
34.291
34.006
68.196
74.322
41.58
41.329
74.3
75.674
47.704
47.704
74.955
75.623
54.775
54.785
75.557
73.391
61.762
61.792
73.296
75.744
57.958
58.183
75.084
65.139
55.912
55.845
65.026
59.913
51.769
51.848
60.061
52.305
51.574
51.641
51.63
41.481
45.047
45.291
41.806
30.38
45.26
45.336
30.729
30.378
37.195
37.302
30.323
30.335
31.589
31.845
30.787
30.238
30.185
30.194
31.03
30.279
30.281
30.255
30.752
30.175
30.235
30.295
30.952
32.898
30.231
30.321
33.067
42.315
30.213
30.308
43.177
51.978
30.285
30.328
52.437
55.914
33.826
33.989
55.919
64.084
40.457
40.361
64.723
56.627
46.126
46
57.238
61.198
55.755
55.802
61.389
57.389
60.295
60.317
57.878
49.457
69.672
69.706
49.832
36.058
75.15
74.941
36
30.315
76.858
79.078
30.213
30.298
47.129
48.471
30.629
30.291
47.427
48.126
30.345
30.276
53.7
53.674
30.287
30.314
59.581
59.564
30.791
30.327
65.557
65.9
31.002
30.303
59.216
59.248
30.944
32.645
68.012
68.026
33.125
41.222
72.309
72.275
41.602
55.259
67.005
67.343
56.543
