30.54
30.672
30.808
30.336
35.978
32.905
30.926
32.588
58.495
58.602
63.602
57.695
61.779
57.046
57.774
60.13
31.694
44.872
45.066
31.443
31.564
44.829
45.171
31.391
31.47
45.09
45.182
31.603
31.829
45.399
45.351
31.803
31.849
44.984
45.366
31.769
31.993
45.42
45.622
31.991
32.333
45.316
45.527
32.02
32.097
45.026
45.647
32.06
32.243
45.574
45.478
32.437
32.177
45.515
45.692
32.202
32.43
45.716
45.951
32.311
32.52
45.886
46.076
32.484
32.569
45.906
45.826
32.623
32.655
46.058
46.374
32.636
32.537
46.134
46.365
32.681
32.797
46.286
46.449
32.835
33.054
46.038
46.495
33.214
33.266
46.565
46.72
33.074
33.245
46.467
46.716
32.999
33.548
46.742
46.725
33.313
33.608
46.769
46.963
33.375
33.806
46.803
46.555
33.528
33.882
47.008
47.126
33.663
33.874
46.864
47.149
33.723
34.154
47.068
46.95
33.89
34.14
47.259
47.296
34.169
34.251
47.44
47.277
34.292
34.366
47.249
47.372
34.042
34.546
47.347
47.687
34.526
34.625
47.591
47.761
34.696
34.759
47.739
47.98
34.616
34.823
47.892
48.023
34.763
35.093
47.872
48.035
34.976
35.022
47.881
48.112
35.015
34.671
48.034
48.19
35.113
30.294
48.175
48.323
30.276
30.27
48.151
48.207
30.236
30.214
48.344
48.433
30.259
30.261
48.509
48.29
30.265
30.282
48.669
48.843
30.285
30.272
48.702
48.928
30.321
30.304
48.955
48.838
30.334
30.295
48.823
48.92
30.373
30.193
49.152
49.014
30.235
30.212
49.156
49.117
30.297
30.185
49.366
49.42
30.245
30.244
49.286
49.257
30.196
30.202
49.666
49.613
30.241
30.198
49.507
49.876
30.327
30.173
49.91
50.082
30.238
30.19
49.879
50.137
30.245
30.211
50.11
50.185
30.226
30.171
50.127
50.42
30.219
30.179
50.213
50.501
30.213
30.222
50.385
50.556
30.298
30.195
50.369
50.617
30.242
30.226
50.625
50.862
30.214
30.379
50.643
50.886
30.289
30.424
50.744
50.822
30.24
30.394
50.851
50.82
30.191
30.387
50.982
51.01
30.191
30.36
51.103
51.065
30.203
