30.417
30.568
30.499
31.106
32.132
35.623
33.481
31.731
75.374
74.408
74.329
74.934
71.302
74.241
54.282
54.21
57.957
58.059
54.433
54.545
58.361
58.879
55.226
55.584
59.249
59.009
55.674
56.039
59.594
59.455
56.493
57.049
60.186
60.449
40.853
41.121
60.836
60.701
42.029
41.678
61.515
61.221
42.848
43.024
61.951
62.113
43.713
43.704
62.578
62.593
44.297
44.359
63.061
63.074
45.223
44.971
63.318
63.247
46.025
45.86
64.053
64.048
46.691
46.679
64.579
64.506
47.44
47.502
65.002
65.31
47.778
48.074
65.453
65.409
48.663
48.628
66.008
65.934
49.51
49.352
66.511
66.563
50.252
50.105
67.039
66.943
50.951
50.746
67.496
67.554
51.671
51.56
68.094
67.991
52.339
52.229
68.674
68.492
53.013
53.037
69.193
69.103
53.423
53.586
69.766
69.471
54.213
53.999
70.264
69.862
54.951
54.866
70.632
70.605
55.6
55.609
71.157
70.978
56.244
56.153
71.577
71.465
56.873
56.824
72.018
71.98
57.388
58.026
72.39
72.556
58.356
57.503
73.018
72.991
41.696
41.388
73.556
73.495
42.601
42.599
74.05
73.979
43.517
43.444
74.552
73.779
44.254
44.231
50.983
51.053
44.869
44.764
51.748
51.583
45.707
45.48
52.056
52.057
46.453
46.203
52.722
52.788
47.309
46.92
53.378
53.442
48.093
47.653
53.871
54.125
48.816
48.804
54.608
54.804
49.554
49.521
55.144
55.211
49.854
49.691
55.804
55.978
50.65
50.931
56.447
56.409
51.168
51.243
57.419
57.201
51.963
51.993
57.625
57.988
52.823
52.745
58.266
58.396
53.455
53.553
58.799
59.156
53.711
54.083
59.531
59.622
54.597
54.614
60.08
60.366
55.491
55.311
60.829
60.794
55.775
55.959
61.239
61.242
56.557
56.433
61.717
61.632
56.707
57.116
62.597
62.432
57.733
57.528
62.846
62.917
58.122
58.436
63.565
63.572
58.686
58.708
64.007
63.97
59.341
59.495
64.603
64.73
59.831
59.938
65.225
65.301
60.609
60.701
65.63
65.687
60.955
60.84
66.037
65.986
61.531
61.661
66.951
67.234
62.142
62.041
67.408
67.27
62.58
62.697
