30.564
31.016
30.366
30.572
32.702
32.201
32.815
35.524
86.116
84.941
85.245
86.141
72.147
77.343
72.285
71.134
87.421
86.16
73.067
70.684
42.882
42.925
61.969
61.866
43.1
42.916
61.959
61.883
43.165
42.993
62.185
61.96
42.961
43.038
61.952
61.944
43.375
43.254
62.298
62.565
43.363
43.38
62.474
62.656
43.582
43.376
62.394
62.359
43.67
43.322
62.526
62.555
43.653
43.365
62.533
62.71
43.807
43.435
62.534
62.421
43.8
43.769
62.692
62.793
43.753
43.972
62.806
62.95
43.999
43.945
62.808
62.784
44.043
43.861
62.939
63.061
44.266
44.064
62.995
62.799
44.401
44.285
63.025
63.03
44.115
44.253
63.091
62.979
44.579
44.654
63.13
62.925
44.733
44.592
63.131
63.106
44.848
45.135
63.36
63.374
44.704
44.713
63.365
63.376
44.871
44.596
63.472
63.263
44.955
44.781
63.513
63.395
44.685
44.931
64.125
64.037
45.261
45.06
63.812
64.055
45.287
45.126
63.55
63.664
45.386
45.339
63.611
63.751
45.137
45.205
63.805
63.699
45.633
45.546
63.905
63.907
45.685
45.475
64.011
63.995
45.711
45.66
64.048
64.113
45.818
46.267
64.144
64.104
45.943
45.826
64.066
64.138
45.804
45.993
64.09
64.049
46.133
45.89
64.351
64.378
46.158
46.209
64.358
64.211
46.359
46.298
64.57
64.42
46.489
46.313
64.519
64.508
46.472
46.463
64.485
64.465
46.689
47.47
64.725
64.694
46.663
46.584
64.423
64.693
46.818
46.773
64.583
64.701
46.715
46.89
64.788
64.812
46.998
46.866
64.885
64.706
47.103
47.003
65.024
64.935
47.169
47.147
65.149
65.027
47.28
47.225
65.096
65.049
47.41
47.273
65.123
64.979
47.42
47.324
65.222
65.185
47.543
47.403
65.356
65.301
47.66
47.681
65.378
65.221
47.678
47.553
65.473
65.237
47.846
47.64
65.51
65.306
47.886
47.882
65.639
65.404
48.072
47.734
65.726
65.597
48.046
48.015
65.695
65.635
48.161
48.004
65.795
65.742
48.24
48.243
65.587
67.189
48.429
48.349
65.836
65.799
48.413
48.384
66.093
65.843
48.531
48.398
65.767
65.943
