31.018
30.772
30.343
30.407
35.377
31.607
31.816
38.304
85.366
86.688
86.24
87.092
68.869
67.239
64.967
66.3
48.066
80.024
81.532
85.928
44.15
44.168
44.233
44.022
44.278
44.217
44.016
44.052
44.462
44.999
43.799
43.908
44.115
44.495
43.977
44.073
44.749
44.542
44.251
43.996
44.67
44.56
44.107
44.319
44.777
44.892
44.391
44.183
44.948
44.933
44.74
44.488
45.046
45.003
44.444
44.411
44.965
45.148
44.678
44.606
44.858
45.233
44.929
44.631
45.291
45.911
44.798
44.661
45.352
45.282
44.731
45.097
45.473
45.333
45.052
44.974
45.498
45.498
45.195
44.944
45.678
45.655
45.284
45.232
45.755
46.407
47.88
45.226
45.817
45.839
45.553
45.234
45.854
45.732
45.527
45.451
46.093
46.083
45.488
45.478
46.062
46.197
45.627
45.592
46.205
46.083
45.786
45.762
46.403
46.274
45.818
45.732
46.422
46.406
45.791
45.867
46.469
46.351
46.214
45.849
46.527
46.856
46.015
46.081
46.547
46.598
46.074
46.097
46.729
46.715
46.475
46.314
46.701
46.8
48.758
46.315
46.914
46.916
46.305
46.346
47.142
47.027
46.545
46.596
47.051
46.91
46.616
46.55
47.155
47.162
46.578
46.707
47.327
47.176
46.848
46.796
47.432
47.329
46.654
46.78
47.454
47.432
46.957
46.953
47.562
47.43
47.057
47.061
47.679
47.611
47.077
47.167
47.662
47.67
47.392
47.161
47.631
47.659
47.426
47.316
47.889
47.888
47.472
47.437
48.059
48.014
47.428
47.409
48.016
48.007
47.61
47.647
48.276
48.383
47.879
47.618
48.271
48.291
50.361
47.65
48.162
48.182
50.279
47.824
48.35
48.254
47.777
47.921
48.45
48.449
47.979
47.852
48.71
48.61
48.089
48.019
48.624
48.493
48.421
47.995
48.891
48.869
48.267
48.265
48.89
48.854
48.262
48.264
48.536
48.741
48.431
48.393
48.986
48.962
48.746
48.506
49.129
49.115
49.871
48.476
49.239
49.213
48.708
48.622
49.216
49.103
48.543
48.747
49.504
49.509
48.702
48.752
49.464
49.453
49.072
48.942
49.499
49.52
49.057
48.943
