30.412
30.379
30.405
30.388
30.632
30.74
30.628
30.602
30.283
30.248
30.291
30.305
30.238
30.358
30.375
30.211
51.654
93.365
95.82
58.705
112.542
89.601
82.13
111.159
102.401
108.392
113.189
106.615
93.923
110.675
112.098
83.707
51.42
46.464
48.131
49.759
85.512
113.117
112.212
96.837
108.407
102.648
90.996
110.951
35.552
35.924
36.125
40.719
112.062
100.679
104.34
110.451
113.716
98.182
92.955
117.457
53.579
47.675
51.376
55.685
114.163
112.979
113.281
113.403
103.801
87.301
93.053
105.414
82.616
72.18
75.782
86.834
117.221
114.22
114.091
104.44
109.97
116.537
113.007
110.89
40.009
57.762
58.374
40.412
61.005
84.788
85.511
61.053
64.735
109.782
109.987
65.253
83.482
112.628
111.956
83.635
75.72
92.196
77.066
31.138
42.336
47.561
47.406
42.689
60.599
66.376
66.385
61.094
81.358
83.681
84.355
81.074
102.676
100.698
101.349
102.599
113.007
112.532
112.834
112.646
114.75
114.628
114.848
115.513
34.75
52.789
52.87
34.903
58.485
60.365
60.957
58.173
77.81
83.747
83.792
77.444
102.618
107.761
108.4
102.401
115.581
112.397
112.607
113.34
113.801
113.058
113.637
115.236
37.693
36.802
33.518
32.711
53.798
65.508
66.559
53.562
83.81
100.4
101.404
84.431
111.706
113.982
113.742
111.838
89.311
101.841
93.66
81.411
38.192
62.093
62.812
38.822
63.639
90.287
90.989
63.757
94.304
113.176
113.231
94.067
92.942
115.002
112.946
92.507
43.14
41.86
41.9
43.241
73.322
36.894
36.711
73.943
100.72
32.049
32.711
101.539
114.895
30.25
30.337
112.767
105.696
30.197
30.377
112.42
51.388
30.352
31.076
51.842
80.246
33.832
34.052
80.604
112.349
42.258
43.225
112.578
114.109
36.978
54.326
115.334
41.129
38.968
39.935
41.788
70.88
66.567
67.532
71.613
102.491
100.182
101.068
103.066
112.609
115.046
113.897
112.639
100.891
110.461
105.18
99.454
53.988
59.381
59.111
54.631
89.303
98.736
99.06
90.607
112.773
116.464
114.225
112.662
50.457
72.393
74.399
91.176
68.091
66.682
66.312
69.359
95.459
96.26
96.596
96.691
