30.674
30.387
30.814
30.468
30.227
30.342
30.572
34.986
30.527
30.563
30.623
30.426
31.608
30.856
31.3
31.636
30.533
30.7
30.772
30.534
31.441
32.149
30.933
31.528
31.331
30.589
31.414
32.529
30.615
30.488
30.889
30.44
31.453
32.233
31.036
32.062
30.506
31.004
30.636
32.736
30.643
30.964
30.488
30.36
31.578
33.662
31.305
32.482
30.487
30.926
30.421
30.987
31.527
32.176
31.327
30.571
30.487
32.359
30.605
32.776
31.289
30.898
30.546
30.497
31.581
32.12
31.743
30.486
30.39
30.885
30.606
32.583
31.583
32.308
31.512
30.396
30.418
30.699
30.612
30.418
31.567
32.521
31.911
32.473
31.796
30.907
31.736
30.466
30.356
30.715
30.644
31.686
31.595
32.48
31.799
32.552
30.653
30.56
30.71
30.564
31.552
30.586
31.796
32.579
30.88
31.789
34.721
30.882
30.507
30.658
30.64
30.388
31.698
30.53
31.887
32.452
30.447
32.545
30.651
30.759
31.6
30.675
31.784
30.452
30.586
31.922
31.333
32.565
30.387
32.612
30.685
30.367
31.662
30.763
31.256
30.404
30.418
31.295
30.611
32.593
31.293
32.534
30.616
30.409
31.727
30.543
31.831
30.405
30.478
32.655
30.68
32.611
31.649
32.495
31.421
30.412
30.499
30.568
30.823
30.355
30.468
32.678
31.01
32.638
31.525
31.32
31.343
30.38
30.426
30.78
30.616
30.803
31.564
32.628
31.373
32.615
30.414
30.648
31.056
30.406
30.388
30.543
30.902
32.144
31.581
32.515
31.401
32.589
30.362
30.626
30.556
30.486
31.773
30.605
31.681
32.588
30.403
32.442
30.683
30.499
30.512
30.552
30.627
30.385
31.672
30.86
31.483
32.691
30.461
32.652
30.566
30.511
31.576
30.605
31.123
30.431
30.487
32.595
31.328
32.686
30.519
32.693
30.798
30.382
31.595
30.624
31.424
30.809
30.493
32.621
30.623
32.568
31.725
30.598
31.285
30.373
30.884
30.477
31.115
31.849
30.605
32.474
30.583
32.565
31.57
30.563
31.398
30.367
30.501
30.494
30.682
32.555
31.5
32.478
31.345
30.511
30.518
30.533
31.219
30.34
30.496
31.846
30.759
32.664
