30.373
30.526
30.601
30.881
33.314
39.003
31.486
39.628
95.845
83.527
77.207
100.676
98.111
88.33
86.215
92.913
106.049
103.887
88.53
88.726
116.104
112.214
89.562
89.493
56.671
57.001
89.465
89.538
56.834
56.827
89.805
89.574
56.895
56.583
89.787
89.598
56.868
56.663
89.924
89.672
56.974
56.932
89.923
89.755
56.948
57.077
90.046
89.829
57.086
56.815
89.613
89.457
57.048
56.993
89.918
89.852
57.188
56.847
89.614
89.882
57.171
56.833
89.704
89.871
57.225
57.017
90.005
89.983
57.389
57.127
90.009
90.007
57.529
57.189
90.009
89.992
57.236
57.054
90.158
90.121
57.559
57.175
90.036
90.257
57.369
57.432
90.241
90.249
57.633
57.446
90.6
90.36
57.646
57.526
90.348
90.442
57.841
57.494
90.394
90.359
57.831
57.651
90.571
90.556
57.859
57.731
90.624
90.21
57.925
57.792
90.368
90.656
58.011
57.75
90.526
90.621
57.921
57.682
90.614
90.65
58.133
57.887
90.616
90.86
58.201
57.831
90.749
90.888
58.195
57.929
90.77
90.868
58.364
57.989
90.843
90.945
58.36
58.127
90.784
90.795
58.33
58.074
91.072
90.92
58.575
58.312
91.097
91.156
58.551
58.236
91.118
91.123
58.562
58.097
90.997
91.124
58.618
58.397
91.414
91.369
58.702
58.457
91.362
91.446
58.758
58.575
91.26
91.39
58.943
58.588
91.335
91.371
58.92
58.792
91.411
91.674
58.962
58.812
91.649
91.67
59.085
58.779
91.611
91.596
59.082
58.886
91.451
91.564
59.162
58.949
91.749
91.533
59.168
58.925
91.864
91.637
59.287
59.138
91.833
91.856
59.297
59.412
91.825
91.861
59.449
59.198
91.94
91.931
59.571
59.248
92.005
92.052
59.543
59.339
92.037
92.119
59.55
59.424
92.046
92.062
59.522
59.282
92.194
91.945
59.759
59.401
92.121
92.229
59.746
59.595
92.013
92.221
59.83
59.386
92.291
92.345
59.908
59.58
92.373
92.439
59.933
59.539
92.436
92.462
59.87
59.8
92.466
92.506
60.031
59.83
92.463
92.466
60.118
59.977
92.693
92.742
60.207
59.94
94.785
92.758
