30.827
30.411
30.56
30.85
32.869
33.455
35.742
33.373
49.856
45.854
48.413
48.625
42.318
53.608
64.949
39.081
30.298
30.978
30.629
30.256
30.63
30.583
30.702
30.513
30.609
30.663
30.745
30.541
30.537
31.057
30.756
30.333
30.75
31.179
30.959
30.728
30.867
30.952
31.056
30.721
30.7
30.956
31.2
30.564
30.809
31.085
31.161
30.729
30.904
31.333
31.32
30.88
30.88
31.216
31.23
30.897
31.112
31.394
31.378
30.935
31.212
31.524
31.451
31.096
31.159
31.453
31.42
30.926
31.089
31.674
31.714
30.863
31.297
31.606
31.607
31.274
31.304
31.78
31.685
31.214
31.304
31.806
31.603
31.251
31.548
31.808
31.946
31.38
31.499
31.929
31.927
31.358
31.57
32.184
32.205
31.448
31.644
32.154
32.241
31.473
31.467
32.16
32.181
31.537
31.743
32.303
32.244
31.616
31.893
32.303
32.228
31.692
31.913
32.553
32.544
31.814
31.761
32.481
32.598
31.791
32.021
32.526
32.629
31.888
32.062
32.621
32.647
31.929
32.012
32.557
32.647
31.92
31.199
32.917
32.763
30.874
30.362
32.854
32.87
30.266
30.301
32.742
32.92
30.261
30.266
33.055
33.003
30.266
30.304
33.257
33.017
30.238
30.232
33.165
33.079
30.272
30.246
32.886
32.919
30.297
30.36
33.148
33.189
30.223
30.275
33.093
33.135
30.304
30.302
33.236
33.278
30.217
30.249
33.126
33.071
30.242
30.266
33.203
33.182
30.247
30.377
33.203
33.251
30.255
30.306
33.269
33.266
30.52
30.237
33.28
33.3
30.35
30.504
33.507
33.356
30.254
30.204
33.381
33.376
30.256
30.453
33.398
33.401
30.238
30.498
33.487
33.511
30.754
30.285
33.376
33.524
30.201
30.244
33.642
33.641
30.224
30.34
33.395
33.451
30.315
30.277
33.493
33.493
30.208
30.405
33.644
33.631
30.203
30.634
33.622
33.588
30.321
30.238
33.725
33.725
30.355
30.542
33.751
33.745
30.28
30.463
33.86
33.89
30.312
30.304
33.841
33.758
30.321
30.379
34.003
34.008
30.31
30.346
33.976
33.872
30.281
30.269
33.852
33.901
30.294
30.374
34
34.202
30.281
