30.873
30.596
30.382
30.542
30.823
30.183
30.434
31.591
30.257
30.439
30.908
31.033
30.257
30.431
30.446
30.772
30.992
30.392
30.268
30.408
30.396
30.258
30.532
30.774
31.058
30.575
30.385
30.641
31.543
30.544
31.375
31.359
31.294
30.598
30.386
30.666
30.438
31.887
31.835
30.543
32.163
30.633
32.54
32.326
30.497
32.073
30.658
31.199
30.837
31.604
32.578
32.268
30.698
30.709
30.441
31.393
32.124
31.636
30.527
30.748
30.61
30.729
32.574
32.338
31.366
31.4
30.863
30.909
31.186
30.632
32.152
31.418
30.528
30.657
31.448
32.291
31.445
31.451
31.059
31.158
31.131
30.631
32.282
32.244
30.596
31.453
30.56
34.107
31.376
31.647
30.9
30.688
30.7
30.589
32.763
32.685
31.177
31.607
30.435
30.597
30.6
30.461
31.526
30.781
30.626
31.576
32.337
32.082
31.516
31.596
30.897
30.604
30.649
30.422
32.194
32.288
31.27
31.474
30.837
32.094
31.193
30.417
30.558
30.828
30.56
30.348
32.233
31.949
31.262
31.562
30.594
32.086
30.48
30.479
30.502
30.889
31.256
31.535
32.382
32.251
30.595
30.339
30.771
30.513
30.589
30.917
32.188
30.799
31.219
31.443
32.134
32.241
30.918
30.485
30.536
30.777
31.286
31.538
32.256
32.054
30.7
30.458
30.47
30.617
33.202
31.587
30.698
30.738
32.144
30.601
32.319
32.031
30.927
30.549
30.462
30.554
31.985
31.48
32.202
31.39
30.582
30.404
30.516
32.257
30.964
31.457
30.62
30.898
31.509
31.443
32.404
32.198
30.537
30.512
30.468
31.275
31.377
31.647
30.506
30.601
30.602
30.363
32.359
32.173
31.362
31.732
30.456
31.065
31.145
31.597
30.439
30.756
30.559
30.561
32.343
32.211
31.238
31.781
30.545
30.563
30.706
30.512
32.09
32.147
30.847
31.666
30.856
32.252
32.057
31.504
30.465
30.742
30.901
30.52
32.659
32.488
31.52
31.739
30.509
30.718
30.694
30.473
30.497
30.562
30.839
31.192
32.49
32.043
32.128
31.588
30.672
30.791
30.924
30.412
32.402
30.775
32.135
31.544
32.243
32.107
30.55
30.509
30.466
30.899
