30.8
30.674
30.499
30.323
31.947
33.247
35.52
33.542
52.113
56.504
55.851
46.973
32.311
57.407
54.479
41.807
30.546
30.606
30.55
30.838
30.462
30.491
31.036
30.834
30.272
30.56
31.192
31.112
30.703
30.503
30.975
30.912
30.726
30.713
30.965
31.162
30.803
30.774
31.299
31.412
30.832
30.876
31.502
31.521
30.654
30.786
31.442
31.226
30.754
30.996
31.607
31.638
30.947
30.947
31.687
31.736
30.959
31.06
31.565
31.781
31.097
31.207
31.438
31.566
31.014
31.16
31.547
31.812
31.157
31.233
31.783
31.76
31.303
31.3
31.768
31.792
31.263
31.206
31.849
32.152
31.334
31.336
31.78
31.955
31.566
31.567
32.145
32.468
31.519
31.577
32.201
32.185
31.418
31.557
32.135
32.342
31.713
31.692
32.31
32.601
31.681
31.644
32.546
32.409
31.619
31.853
32.592
32.758
31.881
31.979
32.824
32.782
31.896
31.924
32.585
32.881
31.842
32.061
33.063
33.032
32.03
32.038
33.116
33.177
31.933
32.034
32.979
33.157
31.994
32.304
33.298
33.262
32.215
32.291
33.419
33.413
32.128
32.329
33.388
33.522
32.257
32.3
33.5
33.571
32.294
32.483
33.624
33.694
32.377
32.441
33.788
33.737
32.378
32.533
33.628
33.949
32.626
32.657
33.56
34.96
32.537
32.644
33.804
34.014
32.61
32.696
33.893
34.168
32.572
32.794
33.985
34.21
32.711
32.773
34.068
34.229
32.77
32.896
34.043
34.22
32.839
32.996
34.332
34.527
32.978
33.059
34.483
34.55
32.872
33.01
34.635
34.595
33.063
33.078
34.393
34.606
33.024
33.248
34.6
34.849
33.146
33.347
34.647
34.838
33.296
33.406
34.788
34.95
33.367
33.395
34.766
34.981
33.285
33.356
34.984
35.197
33.474
33.528
34.989
35.207
33.573
33.622
35.386
35.288
33.514
33.602
35.131
35.31
33.532
33.758
35.619
35.607
33.639
33.753
35.178
35.598
33.655
33.743
35.528
35.657
33.662
33.825
35.484
35.655
33.789
34
35.547
35.915
33.787
33.992
35.669
35.958
34.026
34.117
35.863
36.078
34.037
34.145
35.661
36.052
34.025
34.127
36.031
36.257
