30.323
30.381
30.359
30.388
30.533
30.248
30.364
30.449
66.265
63.107
62.545
62.754
56.277
55.435
54.802
58.624
60.048
51.791
44.725
51.476
40.042
64.83
40.404
62.469
63.308
53.845
63.603
53.717
61.812
63.933
62.418
63.192
62.589
41.43
63.101
41.643
62.5
50.652
62.865
50.756
60.322
59.936
59.765
59.954
61.182
61.073
61.439
61.096
58.567
45.603
59.181
45.832
63.395
56.031
63.263
55.998
60.178
62.882
60.885
62.862
58.055
35.574
57.897
35.273
62.701
48.15
62.603
47.317
58.823
58.905
58.956
58.873
62.743
64.472
62.628
60.868
59.907
43.865
60.392
43.73
51.063
58.066
51.454
58.201
53.901
38.316
54.562
38.188
60.206
52.031
60.482
52.098
61.663
63.6
60.949
61.993
62.047
44.859
62.971
44.404
58.92
52.218
59.477
51.787
62.195
62.876
63.14
62.102
57.66
60.829
58.145
60.823
61.422
47.867
61.238
47.471
59.142
53.18
59.646
53.115
59.231
56.905
59.721
56.825
58.528
60.08
58.25
60.428
55.794
57.437
56.699
57.552
56.466
63.116
56.506
62.506
60.904
61.673
61.744
61.65
56.179
45.715
56.647
46.14
61.63
55.314
61.606
55.384
56.547
33.455
57.334
35.34
60.483
45.525
61.522
45.102
62.957
56.421
62.688
56.616
55.985
64.124
56.08
62.113
61.177
53.081
61.896
53.039
58.752
62.09
58.883
62.12
53.702
34.521
53.87
34.196
60.811
46.637
62.061
46.777
58.014
54.886
58.29
54.767
47.072
63.743
44.806
64.319
50.303
41.571
50.64
41.601
57.326
52.016
57.57
52.101
62.126
61.944
61.966
63.235
59.555
40.999
59.663
40.578
57.984
45.876
57.78
45.912
62.54
55.909
63.03
55.635
54.992
63.234
55.101
63.362
61.829
50.907
60.791
51.45
61.362
58.736
61.546
58.34
54.951
60.065
54.592
60.168
58.252
61.112
58.856
61.114
59.735
61.155
59.925
61.449
58.678
31.689
58.481
31.608
57.71
42.536
57.886
41.784
55.111
46.778
55.017
46.933
62.473
62.366
62.746
62.781
55.046
41.82
55.224
41.967
62.096
53.805
61.676
53.762
