30.354
30.713
30.504
30.883
30.413
30.241
31.164
30.859
31.184
30.453
31.282
30.272
30.245
30.244
30.392
30.445
31.81
31.098
31.556
30.445
31.064
30.55
30.555
31.663
30.662
30.409
30.776
32.408
32.215
30.335
32.28
30.629
30.764
30.386
30.673
30.847
32.139
30.479
32.321
31.514
30.537
31.319
31.131
30.622
30.504
32.4
30.678
30.987
32.342
30.583
32.188
30.362
30.854
31.585
30.579
31.669
30.555
30.456
30.668
30.958
32.128
30.42
32.291
30.738
30.584
31.727
30.738
31.781
30.814
30.454
30.788
31.088
32.307
31.674
32.166
31.799
30.676
30.823
30.767
31.242
31.782
30.488
32.396
30.726
32.499
31.704
32.293
31.341
30.511
30.393
30.573
30.683
32.368
31.541
31.388
31.14
32.696
31.068
30.467
31.182
30.486
30.588
30.457
30.89
32.478
31.533
31.511
32.433
30.334
30.397
30.472
30.724
30.379
31.556
31.361
32.886
32.509
30.461
30.412
31.205
30.483
30.516
31.416
30.877
31.986
31.577
31.494
32.639
32.549
30.595
32.64
31.359
30.438
31.548
30.649
31.357
32.471
30.406
32.336
31.56
30.489
30.414
32.312
30.745
30.583
31.54
30.748
31.594
32.314
30.329
32.256
30.64
30.439
31.532
30.706
31.247
31.502
30.367
30.764
31.37
32.395
30.542
32.166
31.016
30.308
31.673
30.557
31.194
32.434
30.577
32.361
31.717
30.475
31.624
32.111
31.514
30.399
30.428
30.631
34.746
32.409
33.16
32.293
30.8
30.525
31.598
30.984
31.651
31.139
30.517
30.705
30.735
32.382
31.699
32.209
32.393
30.366
30.329
30.611
31.677
32.494
30.532
32.153
30.694
30.859
31.773
32.436
31.621
30.492
30.502
30.922
31.939
32.43
31.5
32.231
31.257
30.431
30.445
30.69
30.73
30.581
30.455
30.707
30.748
32.462
31.58
32.222
31.29
30.438
30.497
30.868
30.744
31.023
31.572
30.702
31.32
32.433
30.617
32.177
32.552
30.4
30.496
30.714
31.299
32.431
31.582
31.579
31.603
30.763
30.425
32.188
31.952
30.394
31.684
30.674
30.982
32.291
31.6
32.012
31.741
