30.836
30.378
30.934
30.552
32.97
32.629
31.659
36.139
58.467
63.347
57.122
64.542
33.064
61.779
42.248
62.038
31.509
48.28
31.696
48.052
31.767
48.297
31.782
48.216
31.733
48.439
31.589
48.503
31.969
48.656
31.898
48.508
31.975
48.684
31.893
48.393
32.149
48.751
32.054
48.648
32.121
48.984
32.052
48.806
32.365
48.962
32.348
48.904
32.457
48.977
32.207
48.996
32.416
49.202
32.354
49.229
32.637
49.231
32.455
49.136
32.656
49.469
32.796
49.532
32.88
49.487
32.786
49.513
32.881
49.581
32.993
49.51
33.288
49.761
33.111
49.652
33.255
49.794
33.124
49.82
33.404
49.845
33.219
49.714
33.523
50.075
33.337
49.953
33.774
50.079
33.634
50.07
33.689
50.216
33.614
50.172
33.873
50.338
33.758
50.281
33.961
50.482
33.835
50.312
34.226
50.456
34.089
50.557
34.27
50.747
34.04
50.78
34.338
50.688
34.132
50.63
34.48
50.784
34.328
50.81
34.745
50.983
34.41
50.943
34.741
51.045
34.466
51.025
34.81
51.033
34.65
51.024
34.84
51.314
34.862
51.258
35.036
51.298
35.091
51.225
33.662
51.431
34.889
51.363
30.216
51.565
30.321
51.544
30.314
51.691
30.312
51.623
30.288
51.762
30.233
51.794
30.29
51.929
30.244
51.731
30.465
51.914
30.279
51.955
30.36
52.147
30.34
52.113
30.388
52.172
30.307
52.117
30.27
52.217
30.307
52.238
30.344
52.048
30.277
52.548
30.472
52.47
30.306
52.481
30.457
52.63
30.277
52.579
30.353
52.752
30.4
52.697
30.263
52.887
30.312
52.635
30.271
52.968
30.286
53.024
31.067
53.024
30.379
53.011
30.341
53.226
30.303
53.125
30.488
53.363
30.519
53.203
30.301
53.353
30.22
53.281
30.417
53.494
30.305
53.489
30.626
53.482
30.23
53.468
30.369
53.749
30.291
53.88
30.387
53.748
30.262
53.39
30.347
53.87
30.399
53.84
30.312
54.016
30.501
53.932
30.182
54.075
30.422
54.064
30.221
54.225
30.503
54.122
30.461
54.243
30.489
54.15
30.236
54.462
30.219
54.457
30.266
54.374
30.194
54.458
