30.874
30.488
30.557
30.609
31.425
32.884
36.357
31.376
89.572
96.609
74.872
94.25
91.402
108.776
97.801
96.54
110.882
111.975
111.154
101.21
58.288
55.964
56.514
63.303
56.78
56.766
56.548
56.75
56.652
56.778
56.853
56.849
56.569
56.645
56.561
56.792
59.728
56.679
57.003
56.804
56.9
56.841
56.967
57.038
56.897
56.867
57.076
57.082
57.122
57.19
57.027
57.111
56.871
56.911
57.17
57.226
57.347
57.146
57.175
57.224
57.341
57.376
57.554
57.281
57.34
57.088
57.295
57.301
59.648
57.393
57.103
57.445
57.419
57.36
57.64
57.457
57.378
57.336
57.399
57.582
57.736
57.37
57.235
57.738
57.639
57.557
57.651
57.702
57.656
57.635
57.682
57.717
57.821
57.976
57.37
57.954
57.853
58.059
57.827
57.955
57.921
58.148
57.676
58.029
58.01
58.006
57.906
58.051
58.066
58.138
58.079
58.157
58.164
58.09
58.087
58.168
58.123
58.275
57.981
58.173
58.174
58.481
58.472
58.038
58.133
57.987
58.118
58.345
58.33
58.325
58.376
58.438
58.408
58.434
58.354
58.575
58.42
58.398
58.364
58.533
58.501
58.377
58.389
58.613
58.72
58.749
58.624
58.786
58.775
58.942
58.587
58.796
58.718
58.809
58.968
58.799
58.78
58.957
58.68
58.916
59.017
58.934
58.912
59.037
58.895
58.937
58.765
58.629
58.807
59.011
58.947
59.21
59.159
58.961
58.995
59.147
59.077
59.096
58.925
59.196
59.366
59.088
58.964
59.415
59.341
59.272
59.305
59.402
60.277
59.254
59.536
59.413
59.478
59.308
59.308
59.537
59.593
59.418
59.396
59.631
59.629
59.375
59.578
59.695
59.643
59.564
59.437
59.792
59.616
59.676
59.653
59.855
59.854
59.475
59.719
59.863
59.865
59.746
59.7
59.993
59.98
59.809
59.922
59.875
59.829
59.866
59.939
59.988
60.109
59.926
59.985
60.187
60.057
59.972
60.079
60.25
60.187
60.197
60.216
60.325
60.119
60.368
60.2
60.254
60.066
60.127
60.019
60.211
61.01
60.3
60.329
60.526
60.344
60.415
60.469
60.24
60.606
60.284
60.409
60.601
60.524
60.494
60.473
60.62
