30.377
30.371
30.402
30.403
30.451
30.313
30.227
30.431
84.927
86.217
86.171
85.933
77.894
66.5
71.864
76.69
64.942
33.473
33.441
64.612
60.586
39.333
38.66
60.334
71.656
45.259
45.15
71.822
71.361
50.013
49.825
71.418
73.215
56.358
56.331
73.305
68.299
59.057
58.775
68.306
65.843
61.428
60.779
65.95
62.227
60.642
60.499
62.295
56.734
58.913
59.385
56.791
62.375
63.547
63.902
61.976
57.407
59.32
59.112
57.692
61.271
59.244
58.616
61.576
63.716
60.134
60.289
63.523
62.92
59.296
59.538
62.827
68.241
62.595
62.749
67.969
64.083
57.081
57.332
64.048
64.345
58.82
58.235
64.34
60.793
59.441
59.505
60.867
58.41
60.235
60.149
58.208
64.88
65.726
66.013
64.556
63.793
61.022
61.177
63.91
65.309
59.372
59.656
65.383
65.422
60.362
60.61
65.482
60.252
59.586
59.976
60.261
63.218
65.361
65.565
63.026
57.941
59.297
59.382
58.082
62.162
59.213
59.295
62.301
62.873
61.192
61.443
62.647
60.521
59.206
59.346
60.538
62.525
63.395
63.548
62.459
60.852
59.118
59.461
60.732
62.396
58.939
59.126
62.443
65.614
61.489
61.66
65.238
61.545
60.576
60.864
61.615
63.315
64.386
64.247
62.967
63.231
62.066
62.323
63.322
61.701
59.127
59.201
61.699
60.966
62.56
62.828
60.599
59.195
59.276
59.452
59.054
63.974
63.069
62.616
63.753
64.717
62.954
63.247
64.71
63.921
59.94
60.465
64.029
67.382
65.286
66.112
67.152
59.693
62.407
62.613
59.589
60.149
62.774
62.716
60.018
59.323
62.096
62.647
59.43
62.003
60.363
60.674
62.095
65.533
66.819
67.011
65.608
62.371
62.334
62.724
62.49
64.125
61.738
61.902
64.304
62.706
61.653
61.963
62.705
58.259
60.317
60.54
58.241
60.719
66.573
66.66
60.71
59.086
61.908
62.17
59.248
63.388
60.842
60.98
63.888
61.251
61.974
62.495
61.298
61.097
60.661
60.643
61.041
66.907
66.707
67.028
67.042
60.606
61.799
61.646
60.721
63.153
62.063
61.828
63.338
62.471
63.501
63.346
62.482
59.487
60.473
60.566
59.468
