30.467
31.019
30.557
30.798
30.275
30.635
30.729
30.182
30.43
30.335
31.001
31.034
30.377
30.736
30.424
31.429
32.072
30.536
32.605
30.402
30.588
30.952
30.374
31.696
31.855
31.1
32.01
30.551
30.72
30.449
32.633
31.616
30.523
31.908
30.356
31.658
31.996
30.966
32.645
30.471
31.226
31.085
30.744
31.619
31.974
30.976
30.375
30.385
31.963
32.858
32.739
31.646
31.044
31.339
30.364
30.598
32.082
30.679
30.371
30.495
30.986
31.335
32.746
31.517
30.916
30.687
30.368
30.547
32.022
30.83
31.569
31.856
30.916
31.545
32.568
30.611
30.626
30.613
30.356
30.372
32.034
31.783
32.552
31.628
31.014
30.698
31.214
30.498
32.089
31.303
30.393
31.535
31.414
30.674
32.7
30.43
30.968
30.639
30.398
31.151
32.218
31.544
30.409
31.579
30.777
30.521
32.524
30.345
30.851
31.229
30.386
31.573
31.916
31.567
30.406
30.597
31.072
30.574
32.744
30.663
30.74
31.453
30.376
31.653
31.988
30.52
30.352
30.33
30.919
30.492
32.568
31.573
31.626
31.333
30.367
30.826
32.01
30.479
31.164
30.322
30.651
31.476
32.58
31.62
30.853
30.622
30.379
30.474
31.934
31.161
32.576
31.67
30.95
30.951
31.671
30.78
31.97
30.408
30.529
33.094
32.583
30.958
32.626
30.39
31.082
30.537
30.54
30.58
32.021
30.913
30.398
30.609
32.377
30.731
32.627
30.423
30.902
30.703
30.551
30.589
32.141
31.071
30.377
30.367
30.831
30.388
32.656
30.431
31.104
30.985
30.38
32.489
32.025
30.381
30.512
33.255
30.945
30.49
32.769
30.372
30.642
30.463
30.46
31.403
32.013
31.286
31.265
30.457
30.819
31.695
32.909
31.403
30.794
30.604
30.563
30.551
31.957
31.113
32.53
30.368
30.815
30.333
30.788
31.311
31.892
31.093
30.474
30.388
33.297
30.383
32.595
31.419
30.984
30.343
30.371
30.49
31.87
31.204
30.367
30.682
30.718
31.582
32.535
31.404
31.027
30.475
30.344
30.375
31.948
31.309
30.366
31.416
31.149
30.528
32.719
30.381
31.056
30.448
30.352
31.29
