30.868
30.602
30.475
30.38
31.802
32.203
36.696
32.359
74.468
75.191
74.602
74.288
62.091
69.211
74.899
75.194
38.031
38.074
37.553
37.549
37.839
37.697
37.684
37.529
38.035
37.778
37.826
37.616
37.822
37.782
37.765
37.765
38.475
38.009
38.23
38.05
38.45
38.132
38.328
38.132
38.166
38.171
38.335
38.059
38.861
38.324
38.574
38.498
38.855
38.311
38.62
38.634
39.578
38.523
38.693
38.402
38.644
38.463
38.983
38.599
38.703
38.436
38.938
38.653
39.195
38.776
38.991
38.915
39.16
38.818
38.922
38.956
39.111
38.9
39.059
39.118
38.93
38.976
39.103
39.151
39.324
39.156
39.635
39.612
39.583
39.305
39.467
39.369
39.38
39.394
39.51
39.454
39.532
39.417
39.801
39.653
40.045
39.696
39.942
39.72
39.62
39.676
40.034
39.686
39.748
39.778
40.001
39.824
39.976
39.928
40.136
39.986
39.975
39.965
40.215
40.218
40.11
39.999
40.304
40.173
40.145
40.163
40.498
40.243
40.384
40.264
40.644
40.418
40.596
40.496
40.796
40.793
40.593
40.397
40.937
40.542
40.612
40.566
40.817
40.795
40.74
40.799
41.123
40.923
40.824
40.742
41.123
40.864
41.483
40.894
40.925
40.982
41.066
40.874
41.368
41.174
41.348
41.183
41.465
41.2
41.203
41.217
41.515
41.224
41.298
41.366
41.742
41.483
41.334
39.986
41.812
41.703
35.664
35.638
41.868
41.643
35.946
35.724
42.136
41.736
36.723
35.789
42.084
42.1
36.209
35.954
42.244
42.037
36.321
35.942
42.355
42.769
37.006
36.179
32.911
32.941
37.211
36.38
33.017
33.086
36.427
36.381
33.201
33.109
36.482
36.538
33.265
33.304
36.743
36.62
33.402
34.316
36.845
36.623
33.502
33.643
36.88
36.854
33.794
33.801
37.148
37.022
34.023
34.034
37.159
36.953
33.961
33.98
37.256
37.245
34.26
34.224
37.401
37.223
34.322
34.345
37.506
37.355
34.392
34.303
37.613
37.531
34.492
34.436
37.921
37.524
34.866
34.641
37.792
37.818
34.977
34.821
37.889
37.886
34.826
35.015
39.7
37.92
35.363
35.187
39.018
38.132
35.413
35.311
