30.509
30.862
30.507
30.371
30.591
32.184
32.115
32.96
30.278
30.398
30.963
30.477
30.29
30.268
30.663
30.386
30.256
30.5
30.401
30.398
30.247
30.637
31.117
30.416
30.295
30.441
31.374
30.244
30.297
30.395
32.94
30.348
30.392
32.215
31.961
31.973
30.319
30.468
30.683
30.996
30.267
30.842
30.832
30.499
30.265
30.593
31.262
33.296
30.377
30.605
33.226
30.63
30.308
30.465
31.017
30.551
30.245
33.421
32.069
33.327
30.228
30.879
33.938
30.562
30.281
30.861
31.064
30.545
30.709
31.553
34.871
33.423
30.333
31.206
33.597
30.625
30.339
30.623
31.014
30.394
31.016
31.536
34.456
33.458
30.302
30.515
33.309
33.577
32.904
31.128
31.058
30.443
32.771
32.366
31.001
30.446
30.253
31.111
32.59
33.483
32.625
30.843
33.677
30.486
30.614
32.405
31.595
30.492
30.377
31.055
33.637
33.528
32.739
32.708
33.349
30.394
30.891
32.788
31.25
30.42
30.347
30.872
30.699
32.77
32.72
30.892
33.991
32.096
30.649
32.482
31.013
30.459
30.267
30.847
30.987
33.247
32.872
32.381
32.916
30.997
30.32
31.429
31.008
30.379
30.615
30.784
31.002
33.234
32.636
33.142
34.298
31.758
30.253
32.189
31.4
30.41
30.232
30.945
31.992
30.965
32.747
32.605
33.649
33.419
30.308
32.156
33.968
30.406
30.965
32.027
31.203
30.42
32.886
33.404
33.904
33.488
30.334
30.959
33.866
30.473
31.517
30.852
30.988
30.41
32.878
32.467
30.997
33.343
30.395
30.937
34.004
31.252
31.382
30.981
30.926
30.407
32.829
32.634
30.832
33.345
30.306
32.202
33.912
32.168
32.54
32.017
30.871
30.453
32.654
32.293
30.896
31.979
30.292
31.052
33.826
33.418
31.621
32.006
33.714
30.409
32.667
32.28
30.932
30.562
30.322
32.026
33.478
33.218
32.855
31.943
33.899
30.43
32.822
33.694
30.741
30.38
30.35
30.543
30.89
33.113
30.541
30.568
34.098
31.277
30.476
30.668
30.946
30.49
30.659
30.472
30.742
33.157
30.424
32.161
33.886
32.183
30.462
30.708
30.939
30.493
30.599
30.926
30.827
32.649
