30.48
30.335
30.488
30.368
30.787
30.703
30.656
30.6
30.299
30.259
30.252
30.264
30.353
30.336
30.286
30.235
75.771
58.792
76.051
58.7
71.077
71.177
77.034
65.614
76.345
52.14
76.269
52.078
76.237
30.184
77.008
30.2
65.719
30.204
70.282
30.191
64.501
30.182
64.56
30.174
56.537
30.211
56.565
30.234
53.004
30.247
52.952
30.174
45.246
30.23
45.319
30.166
42.05
30.181
41.492
30.171
30.363
30.205
30.192
30.268
30.281
30.293
30.24
30.232
30.358
34.841
30.275
34.953
30.382
46.97
30.272
46.947
30.363
58.926
30.291
58.975
30.359
67.553
30.281
67.808
34.456
73.47
34.694
73.495
41.824
68.732
41.783
68.592
49.514
59.186
49.847
59.028
54.58
35.81
54.619
35.932
59.139
30.152
59.038
30.309
51.121
30.16
51.346
30.147
47.775
30.15
47.798
30.189
47.454
30.14
47.065
30.184
39.702
30.152
39.657
30.189
32.954
30.282
32.991
30.201
30.279
30.331
30.271
30.201
30.333
33.094
30.214
33.082
32.255
41.411
31.669
41.573
30.782
57.516
30.413
57.587
30.908
64.845
30.274
64.842
31.122
70.539
30.318
70.511
33.262
72.628
32.613
72.66
36.37
62.063
35.94
62.124
47.044
53.319
46.721
53.29
51.399
35.663
50.758
35.416
56.999
30.142
56.292
30.156
57.608
30.24
57.558
30.257
62.196
30.263
62.065
30.183
66.266
30.248
65.917
30.203
66.761
30.311
66.248
30.184
61.764
30.491
61.251
30.353
44.598
35.525
44.118
35.375
30.276
45.551
30.239
45.434
30.241
52.889
30.25
52.326
30.373
57.65
30.288
57.555
30.322
52.95
30.176
52.894
30.27
39.582
30.215
39.346
30.306
30.401
30.271
30.304
30.837
30.262
30.287
30.241
33.831
30.256
33.353
30.177
35.749
30.244
35.242
30.213
45.391
30.308
44.802
30.242
48.294
30.249
47.667
30.263
45.899
30.849
45.182
30.317
38.376
36.08
38.143
35.894
32.46
43.353
31.967
43.291
30.999
57.029
30.322
56.389
30.889
65.344
30.248
64.756
30.93
65.774
30.274
65.59
30.889
61.962
30.431
61.369
32.901
43.988
32.51
43.655
