30.368
30.357
30.379
30.353
30.39
30.635
30.252
30.888
84.434
87.556
83.227
86.663
63.374
82.945
69.627
86.433
84.146
73.51
83.899
73.782
36.875
57.568
37.013
57.854
44.913
73.11
44.437
73.247
48.433
72.237
48.417
72.329
52.66
74.195
52.69
73.659
58.453
65.816
58.668
66.081
61.549
60.964
61.587
61.129
61.578
63.9
61.046
64.077
62.607
59.315
62.584
59.337
59.23
61.973
59.225
62.062
63.39
60.121
63.41
60.18
57.637
59.604
57.577
59.598
58.882
65.028
58.686
65.152
59.016
61.466
58.965
61.406
58.136
61.459
58.048
61.119
64.207
62.302
64.502
61.965
57.429
60.883
57.622
60.253
57.648
66.647
57.509
66.476
57.481
61.641
57.475
61.107
56.484
60.117
56.534
59.398
60.188
62.216
59.603
62.047
57.491
59.886
57.423
60.101
57.426
64.434
57.522
63.904
59.913
62.509
59.898
62.476
57.551
60.012
57.505
60.376
60.212
63.155
59.824
63.144
59.415
59.404
59.539
59.398
58.01
62.942
57.815
62.664
60.435
62.859
60.707
62.799
56.844
60.7
56.802
60.945
56.902
65.546
56.816
65.412
57.176
60.444
57.404
60.182
58.766
60.85
58.657
60.599
65.838
64.271
65.592
64.279
57.693
61.28
57.68
60.769
57.279
65.464
57.542
65.155
57.733
60.993
57.701
60.896
56.555
59.012
56.469
59.033
58.657
61.128
57.958
61.136
56.921
60.767
56.735
60.796
57.537
64.841
57.479
64.4
61.566
63.233
61.955
63.337
58.384
60.321
58.25
60.383
58.585
64.185
58.263
64.126
57.813
60.156
58.027
60.14
57.189
62.718
57.291
62.721
61.297
62.624
61.517
62.672
57.476
59.585
57.552
59.785
58.348
65.462
58.407
65.395
58.707
60.233
58.579
60.231
58.418
61.476
58.661
61.461
64.703
62.67
64.959
62.755
58.059
60.966
57.96
61.102
58.262
65.893
58.346
65.789
61.191
63.526
61.212
63.483
60.733
59.48
60.805
59.562
62.822
61.89
62.557
61.714
62.407
60.168
62.369
60.196
59.75
64.659
59.947
64.702
64.13
62.525
64.094
62.641
58.937
59.821
58.92
59.733
59.601
65.545
59.547
65.383
