30.816
30.562
30.404
30.728
31.834
36.188
32.538
32.673
84.092
78.935
87.744
86.071
60.09
67.677
63.213
67.46
69.786
87.23
87
63.467
56.822
44.028
43.992
57.084
57.738
44.733
44.827
57.603
58.036
45.764
45.502
58.168
59.078
46.517
46.35
58.912
59.226
47.473
47.296
59.324
60.741
47.97
47.8
59.955
60.397
48.697
48.707
60.473
61.273
49.485
49.427
61.316
61.732
50.222
50.1
62.166
62.254
50.928
50.838
62.602
62.783
51.664
51.456
63.175
63.151
52.41
52.36
63.47
64.017
52.998
52.845
63.942
64.753
53.599
53.544
64.868
65.072
54.026
54.238
65.077
65.576
54.878
54.874
65.593
66.305
55.561
55.488
66.328
66.902
55.957
56.161
66.977
67.312
56.791
56.608
67.546
67.773
57.467
57.218
67.775
68.334
58.087
57.917
68.431
68.782
58.763
58.507
68.991
69.358
59.343
59.084
69.44
69.725
59.941
59.751
70.124
70.56
60.46
60.212
70.575
70.803
61.062
60.831
70.89
71.305
61.868
61.451
71.196
71.678
62.301
62.254
71.659
72.272
62.77
62.162
72.317
72.759
63.264
62.996
72.828
73.208
63.775
63.418
73.237
73.621
64.402
64.203
73.705
74.334
64.997
64.545
73.967
74.633
65.451
65.302
74.525
75.094
65.787
65.602
75.017
75.661
66.601
66.26
75.6
76.013
67.064
66.723
76.037
76.567
67.559
67.336
76.472
76.988
68.042
67.674
77.062
77.317
68.561
68.639
77.592
77.79
69.143
69.229
77.694
78.265
69.729
69.703
78.434
78.644
70.237
70.237
78.661
79.207
70.609
70.701
79.144
79.719
71.21
70.827
79.576
79.907
71.651
71.432
79.929
80.16
72.112
71.922
80.268
80.795
72.624
72.391
80.814
81.008
73.126
72.934
81.093
81.884
73.599
73.45
81.63
82.057
73.575
73.896
82.387
82.331
74.457
74.381
82.581
82.852
74.836
74.792
83.047
83.198
75.44
75.344
83.35
83.678
75.921
75.795
83.783
83.985
76.298
76.333
83.786
84.308
76.91
76.789
84.336
84.931
77.204
77.247
85.049
85.279
77.732
77.488
85.371
85.652
78.208
77.953
85.733
86.123
78.693
78.462
86.063
