30.563
30.947
30.446
30.53
34.793
31.275
32.207
32.862
61.285
59.247
60.785
59.799
65.216
41.637
35.183
42.774
30.937
31.203
30.741
31.429
31.011
31.237
30.881
31.392
31.05
31.494
31.151
31.569
31.334
31.282
31.412
31.493
31.373
31.794
31.357
31.882
31.385
31.792
31.158
31.876
31.648
31.918
31.497
31.956
31.718
32.079
31.477
32.126
31.805
32.058
31.659
32.187
31.927
32.349
31.807
32.34
32.11
32.309
31.838
32.415
32.307
32.395
32.034
32.614
32.285
32.525
32.178
32.612
32.422
32.529
32.237
32.749
32.915
32.876
30.201
32.898
30.315
33.041
30.344
32.958
30.354
33.156
30.213
33.245
30.241
33.076
30.233
33.051
30.319
33.369
30.243
33.486
30.261
33.867
30.234
33.595
30.251
33.811
30.296
33.85
30.293
34.689
30.202
34.02
30.244
34.083
30.258
34.093
30.197
34.149
30.327
34.201
30.248
34.315
30.213
34.376
30.212
34.363
30.206
34.438
30.242
34.639
30.401
34.68
30.269
34.788
30.256
34.821
30.314
34.845
30.458
34.939
30.274
34.908
30.324
35.173
30.293
35.113
30.294
35.264
30.263
35.22
30.351
35.265
30.24
35.534
30.469
35.571
30.259
35.707
30.37
35.68
30.273
35.95
30.552
35.824
30.298
35.855
30.48
35.721
30.305
35.979
30.39
35.814
30.244
36.18
30.531
36.037
30.35
36.339
30.448
36.233
30.408
36.486
30.493
36.48
30.256
36.743
30.332
36.701
30.234
36.746
30.34
36.901
30.395
36.941
30.469
36.88
30.284
37.037
30.49
36.97
30.213
37.149
30.29
37.26
30.296
37.223
30.414
37.23
30.318
37.49
30.422
37.401
30.264
37.529
30.42
37.63
30.282
37.786
30.683
37.869
30.242
37.76
30.386
37.872
30.243
37.764
30.285
38.003
30.227
38.161
30.368
38.226
30.238
38.901
30.478
38.2
30.238
38.42
30.495
38.448
30.237
38.44
30.265
38.435
30.273
38.369
30.322
38.605
30.279
38.726
30.418
38.845
30.289
38.847
30.387
38.774
30.249
38.967
30.456
39.139
30.4
39.211
30.426
39.202
30.203
39.281
30.378
39.503
30.242
39.352
30.426
39.455
