30.369
30.435
30.402
30.375
30.761
30.473
30.328
30.959
63.061
62.202
61.635
67.385
61.611
61.773
61.784
61.217
63.809
40.028
40.18
63.869
56.964
43.04
42.817
60.655
39.874
53.816
53.916
41.04
58.504
52.219
52.658
58.6
41.967
60.793
60.748
55.48
54.236
62.516
63.142
54.707
47.365
41.251
41.632
48.946
62.058
50.078
50.175
63.586
40.096
55.722
56.179
40.53
63.424
57.842
59.429
63.559
62.003
62.553
62.927
63.092
50.316
48.497
48.832
52.2
63.348
59.506
59.993
64.216
43.663
63.17
63.191
43.817
59.754
58.731
59.108
59.715
46.471
62.873
62.594
64.623
55.524
59.481
60.05
55.538
64.533
56.704
57.202
63.743
41.018
60.907
61.154
40.848
60.863
52.098
52.532
60.96
49.12
56.242
56.234
49.267
63.569
59.096
59.435
63.426
63.584
57.372
57.952
63.834
39.329
33.176
33.798
45.874
50.971
43.692
44.066
50.488
59.132
58.146
58.94
58.967
58.826
63.393
62.852
59.513
62.553
56.528
56.332
62.236
57.82
61.726
62.271
58.127
62.967
31.568
32.129
63.042
48.182
40.812
41.432
47.639
51.08
37.594
37.559
50.657
56.996
40.372
40.409
56.423
46.401
42.274
42.227
49.939
51.14
43.857
43.927
50.681
59.018
51.662
51.607
58.947
60.205
45.483
45.413
60.467
63.444
45.365
45.281
63.396
57.475
45.614
46.302
57.319
62.423
43.054
43.045
62.733
59.796
42.499
42.575
60.029
58.373
42.504
42.162
58.987
63.361
42.298
42.332
63.326
58.461
48.702
48.759
58.905
61.884
42.982
42.748
62.523
60.609
43.165
43.003
60.035
56.871
42.713
42.991
57.441
63.123
41.637
41.723
62.783
59.413
40.787
40.705
58.899
57.289
39.557
39.807
57.823
56.937
38.836
39.025
56.485
59.006
44.527
44.923
58.194
63.011
36.282
36.179
63.025
58.081
33.36
33.337
57.48
59.049
31.39
31.569
59.749
63.211
32.618
32.507
63.353
58.211
38.06
38.534
57.557
62.583
31.083
31.191
62.013
58.142
34.091
34.188
58.405
58.584
30.627
30.463
58.886
62.771
32.675
32.759
62.857
54.462
32.401
33.091
54.358
