30.386
30.363
30.388
30.407
31.066
30.738
30.671
30.638
30.308
30.276
30.275
30.297
30.235
30.335
30.354
30.222
59.86
76.242
76.42
59.332
38.041
76.449
75.759
39.638
75.647
75.798
76.285
75.31
69.659
74.809
74.855
67.857
71.167
65.301
40.565
59.185
75.733
77.882
76.227
75.865
62.419
77.506
75.85
39.034
31.708
44.398
47.643
31.934
68.539
75.65
76.338
69.573
62.481
76.571
73.268
70.223
71.279
70.559
74.957
74.107
78.423
77.965
75.791
76.616
34.223
33.874
37.372
33.091
75.76
75.791
76.709
74.571
53.289
77.539
66.742
41.556
68.459
74.855
73.886
68.291
76.221
48.301
48.024
77.827
67.616
30.236
31.324
67.351
76.518
30.368
30.348
78.82
75.328
30.369
30.403
77.644
37.572
30.341
30.25
38.29
30.223
30.395
30.35
30.191
30.165
32.212
32.311
30.211
30.192
42.796
43.175
30.236
30.168
63.231
63.57
30.263
30.218
75.766
75.727
30.273
30.266
79.746
75.967
30.224
31.214
51.854
51.725
31.274
45.483
74.878
75.937
46.229
68.391
77.071
75.576
69.708
35.083
41.654
41.4
36.451
66.628
64.278
64.578
68.782
77.587
74.52
75.231
76.324
77.552
74.65
74.224
76.219
72.934
45.226
45.487
73.686
77.959
65.573
65.987
76.028
39.64
34.538
34.718
40.926
74.873
59.634
60.535
75.954
77.005
75.692
77.55
75.964
76.552
30.528
56.994
74.258
77.242
51.802
52.076
76.228
76.094
74.36
75.368
75.172
45.67
40.923
40.984
46.565
74.77
71.622
71.984
74.411
78.834
81.084
75.985
79.307
74.65
70.791
63.97
59.81
50.897
46.073
47.052
51.059
68.31
77.029
76.377
68.137
75.196
74.77
76.005
75.476
69.765
76.356
76.834
69.911
45.101
73.83
73.17
55.236
50.518
60.541
61.392
50.48
66.844
75.939
75.222
67.186
55.184
74.177
65.794
56.445
39.575
53.949
53.606
39.336
67.3
65.955
66.21
66.798
76.708
75.919
75.78
79.171
72.181
36.174
41.855
73.451
75.654
39.516
39.918
76.443
77.76
30.343
40.845
76.157
66.353
39.977
40.165
66.293
77.675
49.54
49.947
78.67
