30.387
30.531
30.459
30.984
33.547
32.502
30.412
30.785
30.918
30.316
30.35
31.666
31.391
30.359
30.883
31.208
30.561
31.626
30.381
33.084
30.809
30.848
30.69
30.631
34.659
34.556
32.401
32.183
30.817
34.359
30.389
30.594
30.489
30.844
32.118
30.676
32.688
30.841
31.675
32.238
34.45
34.505
30.454
30.643
30.422
32.704
32.371
32.129
30.449
30.877
30.428
30.731
34.601
33.596
30.806
30.569
30.823
34.596
32.379
32.191
30.499
30.905
30.348
30.61
33.49
30.953
32.338
31.822
34.54
34.592
30.421
32.25
30.375
32.49
30.357
30.5
30.488
30.963
32.367
32.173
34.598
34.404
30.429
30.546
30.75
34.602
32.307
30.564
30.419
30.974
32.327
32.088
33.08
30.978
30.388
30.576
34.684
34.714
32.334
32.066
30.422
33.084
30.348
32.182
30.447
30.959
30.332
30.517
33.445
30.944
32.329
32.125
34.56
34.589
30.541
32.354
30.587
34.748
30.411
30.601
30.398
30.955
32.322
32.187
34.45
31.561
30.432
30.713
31.269
34.519
32.429
30.522
30.371
30.807
31.753
32.359
32.635
30.925
30.372
30.58
34.403
34.482
32.416
32.215
30.447
34.61
30.361
31.233
30.491
30.898
30.536
30.568
34.825
33.802
32.462
32.342
30.843
34.585
30.449
30.564
30.561
30.826
32.502
31.816
32.964
30.804
30.483
32.189
34.54
34.598
30.5
30.607
30.758
34.569
32.512
32.266
30.396
30.773
30.504
31.183
34.346
30.776
30.437
30.553
33.981
34.597
32.564
32.333
30.409
31.167
30.491
30.536
30.52
30.828
32.327
30.654
34.749
34.7
30.727
32.097
30.584
34.471
30.444
30.527
30.583
31.03
32.413
32.256
32.721
30.903
30.392
32.168
34.559
34.695
30.427
30.639
30.754
34.505
32.361
32.256
30.389
30.83
30.472
31.058
33.469
30.957
30.379
30.57
34.488
34.552
32.285
32.228
30.468
31.55
30.457
30.653
30.398
30.931
32.35
30.62
34.382
32.143
32.484
32.403
31.282
34.594
30.424
30.759
30.403
31.141
32.343
30.959
30.693
30.925
30.552
32.309
34.604
33.58
30.489
30.652
