30.388
30.341
30.384
30.401
30.653
30.65
30.684
30.6
30.324
30.294
30.232
30.296
30.234
30.319
30.34
30.291
57.511
86.679
87.893
62.721
30.209
64.535
68.582
42.006
78.764
82.126
84.655
82.122
88.007
88.682
88.978
88.271
56.172
38.968
38.926
56.127
53.944
36.822
36.841
53.721
49.649
37.052
37.035
49.561
51.998
33.5
33.521
51.735
42.484
30.205
30.29
42.381
44.841
31.409
31.39
44.689
37.539
30.753
30.606
37.341
33.041
30.411
30.335
32.874
30.325
30.219
30.276
30.283
32.8
30.322
30.289
33.113
30.35
30.353
30.372
30.346
30.934
30.861
30.738
30.897
31.53
35.118
35.091
31.387
36.909
40.545
40.658
36.904
38.158
48.36
48.328
38.186
43.15
52.484
52.549
43.146
48.728
55.112
54.813
48.475
54.044
52.299
52.191
53.984
59.676
48.543
48.605
59.69
60.922
42.619
42.579
61.012
61.102
37.081
37.113
60.902
60.461
30.36
30.292
60.329
54.894
30.174
30.153
54.845
43.137
30.278
30.271
42.948
30.198
30.269
30.249
30.286
30.298
30.256
30.271
30.245
30.241
30.204
30.297
30.267
30.247
32.467
32.623
30.289
30.195
42.576
42.89
30.316
30.227
46.771
46.572
30.288
30.49
57.777
58.376
30.284
37.351
63.308
64.014
38.43
46.754
67.614
67.531
47.851
54.332
67.496
67.579
55.7
56.565
55.966
56.183
57.746
67.914
54.53
54.485
67.998
76.756
46.951
47.051
77.609
85.065
30.578
30.459
85.997
85.838
30.162
30.145
86.808
90.297
30.241
30.194
87.96
82.623
30.419
30.306
82.243
82.388
30.21
30.383
83.19
73.843
30.199
30.358
73.629
63.536
30.469
30.577
62.938
41.655
35.911
35.872
41.221
30.183
42.744
43.185
30.172
30.184
46.016
45.833
30.16
30.221
50.626
50.757
30.168
30.225
62.252
62.314
30.174
30.229
58.225
58.287
30.176
30.253
64.521
64.489
30.276
30.271
63.913
63.945
30.319
37.696
58.729
58.658
38.76
44.136
54.955
55.103
44.182
57.127
48.524
48.425
57.066
65.531
34.531
34.217
66.393
71.87
30.271
30.281
72.638
83.951
30.197
30.246
83.858
