30.465
30.382
30.332
30.397
30.706
30.392
30.813
30.364
30.431
30.465
30.338
30.342
30.196
30.218
30.219
30.401
56.971
59.178
44.084
37.525
101.48
102.705
95.225
88.557
96.707
96.717
53.256
34.218
77.257
100.42
42.047
39.948
98.826
98.936
99.416
92.315
99.891
100.186
87.517
37.947
89.197
78.335
80.452
31.406
101.114
100.968
68.368
65.661
103.001
101.362
90.18
30.297
46.92
41.294
37.601
35.756
101.529
101.06
91.289
89.897
99.497
100.069
73.754
75.873
32.985
40.833
39.508
58.363
76.697
76.883
99.065
98.322
99.777
90.733
101.17
101.876
30.384
30.346
55.316
54.159
39.131
38.724
100.651
99.802
39.83
30.176
100.8
104.162
38.989
38.292
55.072
55.039
55.022
54.82
52.214
52.121
72.367
72.121
39.219
39.263
92.354
91.898
30.807
30.439
101.456
102.014
30.392
30.342
72.013
57.277
30.665
30.241
59.477
58.995
30.532
30.418
84.32
83.945
33.07
33.071
101.316
101.341
43.613
43.475
101.03
94.681
47.908
30.172
55.385
54.886
50.082
49.281
74.347
73.374
83.345
82.6
93.293
92.761
101.065
100.828
66.043
48.51
90.177
85.714
48.719
48.327
64.517
63.389
76.615
76.176
100.591
99.634
101.07
99.633
100.567
102.181
44.439
43.489
47.318
46.695
77.364
77.035
82.172
80.415
100.17
98.99
101.469
101.594
76.812
75.752
89.229
88.51
46.816
46.121
62.454
61.093
82.063
81.323
96.11
95.247
101.086
100.638
99.543
103.285
100.471
99.371
98.457
98.332
82.739
81.905
73.357
73.051
100.346
100.155
92.585
92.238
93.794
86.968
48.531
73.381
60.418
59.719
54.761
53.948
93.13
92.48
86.658
85.585
100.924
100.147
102.109
103.671
60.405
60.53
59.92
59.432
82.251
81.619
88.716
87.79
101.702
102.012
101.256
103.521
89.067
88.264
99.213
102.035
59.35
58.672
65.722
64.987
78.277
77.621
94.478
93.773
86.266
85.236
99.66
99.708
32.19
30.228
59.915
52.144
37.146
36.804
60.633
60.041
36.997
37.086
66.215
66.525
41.279
40.255
68.353
68.107
47.643
46.664
66.887
67.01
55.431
54.601
69.968
69.912
