30.685
30.734
30.403
30.552
32.137
32.15
34.458
36.195
75.914
73.667
75.562
75.348
74.769
71.932
74.514
73.928
60.559
57.637
38.746
38.63
48.752
48.879
38.813
38.583
48.652
48.928
38.482
38.49
48.949
48.959
38.951
38.575
48.924
48.944
38.83
38.923
49.049
49.17
38.773
38.899
49.068
49.034
39.232
39.021
49.231
49.055
38.826
39.166
49.184
49.175
38.894
39.222
49.355
49.422
38.876
39.184
49.456
49.412
39.236
39.381
49.45
49.534
39.075
39.435
49.518
49.521
39.085
39.437
49.723
49.747
39.344
39.638
49.689
49.765
39.366
39.644
49.611
49.56
39.54
39.221
49.887
49.728
39.604
39.564
49.842
49.974
39.655
39.652
49.897
49.873
39.757
39.925
49.968
49.887
39.696
39.72
50.022
50.236
39.833
39.683
50.201
50.287
39.94
39.96
50.118
50.075
39.973
39.899
50.256
50.185
41.579
40.279
50.461
50.337
40.039
40.274
50.437
50.442
40.153
40.443
50.464
50.36
40.307
40.528
50.623
50.794
40.037
40.527
50.687
50.661
40.244
40.559
50.696
50.58
40.563
40.763
51.089
51.192
40.582
40.764
51.2
50.917
40.537
40.801
51.191
50.997
40.741
41.02
50.932
51.1
40.778
41
51.355
51.12
40.806
41.057
51.415
51.249
40.893
41.121
51.352
51.077
41.048
41.247
51.448
51.36
41.302
41.254
51.458
51.484
41.028
41.248
51.186
52.017
41.23
41.468
39.998
40.048
41.172
41.48
40.008
40.087
41.259
41.661
40.039
40.043
41.703
41.783
40.268
40.711
41.597
41.834
40.256
40.577
41.623
41.842
40.407
40.847
41.975
42.071
40.574
40.453
41.961
42.081
40.61
40.635
41.872
42.093
40.645
40.783
42.136
42.332
40.816
40.945
42.224
42.342
40.835
40.89
42.34
42.464
41.023
41.27
42.453
42.678
41.112
41.24
42.521
42.691
41.12
41.57
42.622
42.869
41.384
41.383
42.59
42.93
41.351
41.435
42.766
42.973
41.519
41.694
42.903
43.082
41.623
41.592
43.145
43.288
41.706
41.8
42.996
43.312
41.846
41.735
43.206
43.447
41.803
41.935
43.227
43.388
41.974
42.023
43.243
43.667
