30.384
30.366
30.369
30.368
30.449
30.441
30.385
30.379
92.079
93.6
90.842
93.208
96.921
96.854
98.433
98.353
96.077
95.623
98.27
99.097
45.453
45.508
38.952
39.268
50.925
50.781
41.102
40.692
55.861
55.995
46.466
46.337
66.164
66.377
51.779
51.666
68.07
68.034
57.292
57.234
65.247
65.057
63.774
63.737
67.157
66.965
65.985
65.808
61.66
61.734
63.348
62.903
60.879
60.856
64.587
64.475
60.178
60.229
59.423
59.29
58.869
58.812
59.11
59.174
64.803
64.716
60.222
59.718
63.405
63.393
61.196
60.888
64.845
64.774
63.54
63.458
65.255
65.138
61.443
61.577
61.639
61.426
64.141
64.529
62.209
62.022
62.242
62.002
58.333
58.265
60.479
60.471
59.465
59.207
40.745
40.864
63.183
63.137
44.041
44.391
62.014
61.923
52.363
52.198
64.587
64.503
54.547
55.05
64.83
64.832
61.985
62.334
61.46
61.518
65.522
66.01
64.202
64.11
67.152
67.625
58.835
58.641
66.669
66.475
62.436
63.01
60.57
61.094
61.96
61.868
59.93
60.324
61.188
61.131
60.525
60.979
66.627
66.259
62.976
63.35
62.931
62.837
63.153
62.921
64.602
64.842
62.704
62.911
62.727
62.742
60.94
61.381
58.219
58.142
63.073
63.342
60.008
59.892
62.051
62.156
60.215
60.247
61.112
61.279
62.427
62.534
60.892
61.369
63.368
63.905
59.897
60.47
61.387
62.018
62.264
62.568
64.046
64.017
59.134
59.228
62.223
62.042
59.575
59.793
59.363
59.142
62.033
62.373
61.191
61.216
62.718
63.456
59.84
59.897
66.124
66.071
64.061
64.339
62.126
62.408
63.205
63.929
59.968
60.773
62.227
62.307
60.623
61.283
66.695
67.054
61.795
62.522
60.911
61.373
63.612
63.423
62.668
62.909
58.971
59.721
59.337
59.926
59.891
60.596
59.261
59.281
62.793
63.403
65.506
66
63.29
64.083
61.996
62.807
64.676
64.552
64.755
64.965
60.648
61.384
65.533
66.182
60.938
61.609
61.231
61.532
60.69
60.486
65.333
65.545
60.54
60.894
57.268
57.102
64.317
64.411
59.103
59.688
59.586
59.543
62.293
62.839
60.505
60.545
