30.476
30.493
30.492
31.099
30.262
30.717
36.589
36.137
30.21
30.31
30.312
30.355
30.483
30.418
32.306
31.064
32.153
32.95
30.292
32.64
30.488
30.609
30.262
32.721
31.972
30.475
32.49
30.699
32.39
33.041
30.33
32.691
30.41
30.769
30.363
32.719
32.315
30.822
32.432
30.748
30.945
32.896
30.31
32.738
30.524
30.506
31.854
32.548
32.259
30.447
32.482
30.662
30.732
32.858
30.286
32.667
30.651
30.341
32.491
32.657
32.503
30.79
30.579
30.748
30.497
32.682
30.327
32.292
32.315
30.441
32.444
30.762
31.37
31.428
30.483
30.711
30.585
32.724
31.595
32.646
32.489
30.45
32.447
30.78
30.632
32.487
30.486
32.387
30.476
30.818
32.322
32.843
32.572
30.261
32.336
30.651
30.574
31.843
30.358
32.98
30.612
31.757
32.46
32.376
32.501
30.494
30.434
30.396
30.626
32.085
30.367
30.919
32.328
32.964
32.415
30.469
32.509
30.247
30.332
31.077
30.49
32.929
31.216
33.434
32.424
30.805
32.418
32.769
30.552
30.214
30.392
31.014
30.557
32.947
32.35
32.652
32.406
30.465
30.452
32.728
30.502
30.328
30.264
30.775
30.553
32.776
32.372
31.889
32.428
30.54
30.482
32.926
30.65
30.289
30.402
30.669
32.564
33.001
32.421
32.812
31.157
30.37
30.367
32.708
30.768
30.345
31.38
30.848
32.449
32.997
32.335
32.75
30.769
30.207
30.388
32.01
30.595
30.552
32.349
31.101
32.495
32.975
30.835
32.897
30.585
30.281
30.416
31.158
30.762
30.782
32.501
30.829
32.558
32.878
30.433
32.649
30.56
30.289
30.298
30.738
32.325
32.045
32.409
30.786
31.313
32.906
30.262
32.953
30.654
30.366
30.853
30.73
32.487
32.728
32.346
34.391
31.28
32.953
30.255
33.07
30.659
30.328
31.418
30.705
32.679
33.116
32.492
34.088
30.644
30.823
30.299
33.19
30.649
30.456
32.389
30.699
32.54
32.781
32.349
30.795
30.819
33.163
30.332
33.347
30.572
30.325
32.281
31.431
32.465
32.709
30.806
31.291
30.57
31.248
30.164
32.752
30.642
30.263
32.361
30.802
