30.382
30.385
30.403
30.436
39.365
33.501
32.798
31.795
82.801
88.418
92.775
96.969
68.443
66.994
84.845
49.583
99.46
76.964
97.776
77.418
75.463
77.616
75.309
78.063
75.56
78.461
75.808
78.278
76.001
78.631
76.257
78.815
76.737
79.003
76.841
79.057
77.147
79.621
77.273
79.755
77.503
80.305
77.729
80.228
77.839
80.828
78.152
80.54
78.663
81.211
78.586
80.948
78.709
81.455
79.633
81.497
52.461
81.92
52.843
81.843
53.142
81.948
53.378
82.275
53.957
82.578
54.084
82.817
54.897
83.399
54.72
83.115
55.546
83.472
55.507
83.555
56.228
83.872
56.332
83.965
56.884
84.299
56.516
84.296
57.178
84.779
57.22
84.682
58.197
85.139
57.832
85.178
58.426
85.665
58.333
85.66
59.366
86.025
59.366
85.976
60.215
86.409
59.89
86.404
60.19
86.763
60.192
86.816
60.93
86.965
60.847
87.093
61.608
92.732
61.522
87.56
62.151
87.82
62.178
87.994
62.472
88.272
62.671
88.478
63.127
88.788
63.573
88.794
63.782
88.986
64.085
89.179
64.432
89.281
64.447
89.691
65.056
89.984
65.014
90.068
65.618
90.053
65.317
90.404
66.096
90.715
65.863
90.636
66.78
91.117
66.469
91.151
67.171
91.423
67.107
91.584
67.864
91.885
67.615
91.711
67.922
92.167
68.067
92.318
68.476
92.623
68.581
92.767
69.009
92.896
69.375
93.095
69.579
93.358
69.887
93.429
69.948
93.336
70.337
93.356
70.906
94.008
70.89
94.225
71.231
94.071
71.375
94.181
71.608
94.45
71.836
94.672
72.014
94.658
72.356
94.858
72.635
95.128
73.24
95.431
73.136
95.534
73.313
95.852
73.519
96.069
73.805
96.075
74.101
96.415
74.051
96.619
74.379
96.754
75.25
96.88
56.114
97.113
56.222
97.01
57.02
97.34
56.811
97.695
57.784
97.896
57.495
98.099
57.87
98.239
58.201
98.387
58.716
98.543
58.742
98.779
59.242
98.729
59.446
99.147
59.827
98.921
59.829
100.145
60.298
69.364
60.528
68.615
61.129
70.994
60.899
71.636
61.574
71.148
61.382
71.929
62.304
71.669
62.152
71.649
62.793
71.955
62.598
71.995
