30.368
30.473
30.367
30.472
30.677
30.899
30.948
30.817
30.326
30.308
30.313
30.314
30.23
30.364
30.177
30.365
54.268
86.802
57.138
84.237
61.749
70.476
73.912
83.113
76.57
77.846
80.539
75.259
88.866
88.933
88.859
89.459
68.099
85.643
67.932
85.067
65.382
89.368
65.247
95.208
32.337
61.896
32.331
62.771
30.322
55.822
30.361
55.355
30.274
53.863
30.34
53.732
30.43
47.751
30.341
47.697
31.842
37.96
31.723
37.268
37.935
30.282
37.646
30.329
44.797
30.265
44.456
30.247
49.933
30.37
49.847
30.223
53.775
30.311
53.669
30.305
50.698
30.452
50.561
30.268
52.862
30.656
52.89
30.292
48.198
30.937
47.991
30.755
37.518
38.02
37.148
37.904
30.288
47.346
30.285
47.13
30.273
57.405
30.274
57.188
30.264
65.096
30.322
64.631
30.267
69.513
30.333
69.247
30.272
76.339
30.355
76.181
30.387
67.669
30.31
67.234
32.472
73.361
32.385
72.878
46.593
71.255
46.783
70.869
46.385
65.594
46.734
65.09
64.219
53.398
64.249
52.7
70.686
30.894
71.106
31.065
62.723
30.162
62.732
30.273
50.135
30.276
50.179
30.224
30.248
30.517
30.291
30.261
30.264
30.306
30.62
30.241
30.237
30.338
30.251
30.238
30.293
30.298
30.257
30.312
30.298
30.828
30.663
30.31
30.252
31.252
30.939
30.69
30.273
39.933
30.911
39.394
31.519
51.424
32.074
51.171
40.629
68.002
40.876
67.609
48.456
79.226
48.958
78.768
58.384
87.622
58.707
87.047
68.211
89.87
68.613
87.827
74.09
89.086
74.646
86.808
73.361
87.4
73.752
89.357
30.703
58.807
30.827
59.951
30.243
72.204
30.6
71.936
30.298
71.249
30.607
70.719
30.289
77.595
30.729
77.488
30.302
72.488
30.762
72.206
31.035
68.067
31.647
67.837
35.334
61.357
35.964
60.877
42.527
47.605
43.132
47.538
54.121
37.342
54.237
37.073
66.417
30.266
66.884
30.183
65.279
30.261
65.346
30.248
77.385
30.382
77.991
30.261
81.481
30.285
81.978
30.281
86.848
31.072
87.571
30.32
79.208
34.142
79.548
33.42
66.043
38.508
66.653
38.296
