30.313
30.392
30.353
30.409
31.906
31.904
30.298
30.331
74.767
76.002
75.979
74.703
73.294
75.692
76.618
73.884
46.37
46.211
54.188
57.812
63.391
63.613
71.44
70.099
69.353
69.322
71.311
69.883
72.344
72.332
61.839
62.025
69.38
69.299
80.015
79.357
60.369
60.158
61.092
61.212
60.047
59.956
73.577
74.741
58.179
58.26
67.446
67.616
60.964
60.918
73.118
73.252
57.297
57.379
69.854
70.144
56.043
56.12
68.059
67.896
55.736
55.772
64.761
64.63
56.543
56.594
62.078
62.208
62.755
62.943
63.403
63.47
58.434
58.339
62.152
62.15
57.598
57.521
62.653
62.163
58.346
58.179
60.011
60.1
58.21
58.189
60.794
60.821
63.681
63.899
62.595
62.445
57.905
57.877
62.913
63.125
57.601
57.766
63.154
62.99
59.277
59.77
62.751
62.855
58.102
58.053
63.04
63.58
62.212
61.961
65.748
65.476
59.856
59.87
61.662
61.651
58.755
58.858
61.345
61.115
62.811
63.477
62.081
62.172
59.351
59.386
63.443
63.68
59.74
59.531
64.679
64.447
60.325
60.38
61.227
61.2
59.757
59.716
60.889
60.716
64.817
64.995
61.267
61.302
61.397
61.34
64.19
64.259
60.104
60.038
64.851
64.405
63.332
63.248
60.803
61.043
61.445
61.481
60.695
60.497
65.437
65.412
61.763
61.608
63.234
63.312
63.055
63.012
60.312
60.173
62.123
61.527
63.888
64.483
61.511
61.42
59.662
59.641
61.713
62.148
63.219
62.97
62.401
62.796
61.448
61.226
61.339
61.178
59.423
59.447
60.789
60.705
64.94
65.174
61.115
61.145
62.027
62.26
62.635
62.951
63.384
63.203
64.333
63.929
64.162
64.192
61.206
60.975
60.036
60.026
60.84
60.642
63.226
63.136
61.029
61.092
60.072
60.014
64.048
64.047
61.922
61.637
65.315
64.964
63.884
64.362
61.525
61.428
60.963
61.144
61.809
61.782
63.171
63.108
62.118
62.196
60.727
60.751
64.36
64.362
58.958
59.123
63.819
63.491
62.644
63.221
61.273
61.189
60.468
60.509
60.822
61.111
64.633
64.482
62.678
62.684
63.025
62.955
63.217
62.989
60.234
60.447
61.071
60.705
