30.375
30.541
30.651
30.861
32.747
35.238
33.767
32.555
95.801
75.434
94.065
94.178
101.674
83.073
89.849
92.43
84.647
85.244
111.722
110.917
85.101
84.838
77.793
68.173
85.258
85.195
74.627
74.428
85.165
85.248
74.675
74.839
85.678
85.327
74.691
74.932
85.215
85.207
74.894
74.906
85.326
85.222
74.865
75.07
85.336
85.283
74.946
75.035
85.325
85.267
74.77
74.959
85.325
85.265
74.644
74.947
85.124
85.34
74.768
74.973
85.325
85.31
74.898
75.088
85.552
85.307
75.116
74.973
85.307
85.338
75.089
74.761
85.316
85.346
75.06
75.19
85.034
85.219
75.196
75.275
85.27
85.216
75.107
75.011
85.297
85.294
75.191
74.991
85.3
85.374
75.198
75.055
85.338
85.353
75.092
75.028
85.334
85.295
75.019
75.102
85.318
85.324
75.035
75.149
85.303
85.348
75.155
75.369
85.167
85.332
75.48
75.182
85.303
85.296
75.252
75.11
85.206
85.301
75.316
75.176
85.57
85.36
75.129
75.211
85.52
85.35
75.239
75.566
85.126
85.348
75.227
75.543
85.21
85.18
75.202
75.526
85.208
85.362
75.308
75.529
85.333
85.342
75.816
75.665
85.599
85.444
75.434
75.459
85.419
85.293
75.334
75.441
85.367
85.243
75.352
75.388
85.313
85.208
75.522
75.565
85.183
85.352
75.569
75.577
85.211
85.347
75.757
75.643
85.25
85.127
75.568
75.55
85.304
85.296
75.614
75.674
85.315
85.283
75.688
75.554
85.178
85.271
75.614
75.725
85.443
85.468
75.724
75.635
85.333
85.309
75.815
75.777
85.19
85.376
63.749
65.267
85.322
85.397
57.476
57.348
85.565
85.401
57.683
57.742
85.42
85.48
57.55
57.741
85.468
85.47
57.735
57.893
85.535
85.46
57.77
58.014
85.552
85.521
57.886
58.001
85.624
85.476
57.984
57.78
85.703
85.748
58.059
57.873
85.674
85.696
58.128
58.265
85.652
85.664
58.054
58.223
85.572
85.487
58.239
58.337
85.846
85.827
58.294
58.317
85.649
85.78
58.446
58.444
85.788
85.798
58.631
58.355
85.674
85.855
58.666
58.643
85.793
85.778
58.579
58.842
