30.404
30.441
30.494
30.412
32.515
33.576
37.111
32.179
91.268
91.961
76.116
95.965
67.798
101.014
75.481
96.245
94.966
98.933
77.213
76.718
50.88
52.7
77.328
76.939
50.678
50.518
77.214
77.22
50.683
50.543
77.063
77.04
50.67
50.647
77.096
77.073
50.62
50.663
77.128
77.112
50.938
50.99
77.136
77.226
50.937
50.805
77.514
77.161
50.748
51.084
77.251
77.274
50.7
50.713
77.302
77.27
53.593
50.891
77.542
77.392
50.985
50.907
77.334
77.426
50.988
51.196
77.319
77.352
51.271
51.146
77.432
77.404
51.247
51.363
77.548
77.549
51.335
51.483
77.697
77.621
51.359
51.4
77.704
77.704
51.502
51.62
77.721
77.726
51.546
51.438
77.837
77.79
51.721
51.577
77.676
77.85
51.896
51.891
77.736
77.862
51.868
51.99
78.238
77.806
52.131
52.116
66.173
65.294
52.117
51.789
65.816
65.525
51.998
52.139
65.851
65.56
52.584
52.389
65.794
65.489
52.331
52.566
65.798
65.419
52.459
52.678
65.905
65.571
52.566
52.767
66.629
65.652
52.68
52.821
65.882
65.911
52.903
53.012
66.061
65.957
52.899
53.009
66.188
65.798
53.073
53.092
66.714
66.138
53.041
53.308
66.163
66.052
53.277
53.33
66.273
66.109
53.319
53.406
66.505
66.315
53.184
53.42
67.273
66.212
53.453
53.632
66.618
66.43
53.486
53.72
66.41
66.443
53.986
54.532
66.929
66.585
53.814
53.963
66.539
66.537
53.841
53.799
66.766
66.619
53.982
54.101
66.983
66.79
53.999
54.25
67.101
66.678
54.239
54.403
67.239
66.821
54.135
54.335
66.821
66.888
54.353
54.468
67.099
67.026
54.57
54.752
67.142
67.053
54.594
54.674
67.138
67.011
54.715
54.923
67.332
67.254
54.69
54.848
67.214
67.221
54.803
55.087
67.399
67.488
54.948
55.099
67.47
67.38
55.072
55.198
67.642
67.605
55.217
55.305
68.717
67.676
55.332
55.219
67.789
67.583
55.438
55.536
67.824
67.813
55.551
55.677
69.697
67.759
55.573
55.658
67.587
68.561
55.702
55.785
40.13
40.373
56.453
55.594
40.376
40.174
44.823
44.755
40.329
40.57
