30.558
30.394
30.914
30.691
35.742
33.952
33.817
34.339
63.633
87.367
84.668
90.092
114.04
113.468
98.955
94.283
92.52
105.676
110.944
111.52
111.549
108.791
75.705
78.942
56.133
56.47
71.209
71.171
56.488
56.224
71.053
71.231
56.203
56.615
71.433
71.244
56.284
56.373
71.413
71.314
56.28
56.63
71.428
71.173
56.548
56.821
71.425
71.159
56.792
56.947
71.364
71.183
56.993
57.004
71.415
71.138
56.932
57.059
71.455
71.169
56.975
56.963
71.176
71.268
57.045
57.044
71.238
71.107
57.277
57.176
71.119
71.13
57.26
57.095
71.056
71.014
57.446
57.252
71.082
71.139
57.692
57.625
71.105
71.141
57.679
57.453
71.222
71.068
57.632
57.873
71.177
71.171
58.134
58.078
71.116
71.084
58.294
58.067
71.246
71.275
57.947
58.093
71.133
71.175
58.162
58.214
71.157
71.014
58.249
58.273
71.217
71.425
58.513
58.689
71.246
71.211
58.869
58.845
71.129
71.115
58.656
58.818
71.107
71.121
58.736
58.908
71.055
71.118
59.209
59.209
71.071
71.161
59.073
59.254
71.172
71.044
58.96
59.361
71.044
71.407
59.436
59.584
71.191
71.384
59.236
59.429
71.215
71.399
59.472
59.282
71.081
71.392
59.423
59.702
71.122
71.396
59.794
59.75
71.202
71.457
59.691
59.725
71.18
71.422
59.913
60.131
71.211
71.221
60.013
60.128
71.074
71.199
60.136
60.254
70.935
71.326
60.31
60.519
71.179
71.398
60.274
60.333
71.214
71.44
60.395
60.453
71.187
71.406
60.571
60.394
71.198
71.397
60.807
62.177
71.165
71.517
60.793
60.909
71.064
71.213
60.876
60.887
71.119
71.151
60.918
61.042
71.1
71.332
61.372
61.288
71.153
71.177
61.357
61.296
71.052
71.18
61.385
61.364
71.232
71.317
61.487
61.479
71.201
71.201
61.477
61.761
71.18
71.174
61.718
61.729
71.158
71.223
61.753
61.824
71.074
71.06
61.849
61.739
71.064
71.144
62.105
62.176
71.014
71.138
62.184
62.4
71.178
71.168
62.09
62.291
71.179
71.164
62.24
62.413
71.107
71.051
62.214
62.499
71.18
71.191
62.608
62.621
71.06
71.192
