30.341
30.378
30.392
30.357
30.649
30.605
30.663
30.686
30.311
30.309
30.327
30.312
30.172
30.377
30.258
30.419
53.97
61.623
41.727
61.469
52.926
57.526
54.747
56.79
64.204
61.29
61.928
61.572
52.628
48.624
55.034
41.883
61.964
49.751
61.655
54.889
60.572
35.665
62.045
30.172
47.441
46.913
41.084
43.506
62.055
62.069
62.748
61.15
39.88
36.436
37.556
35.259
61.9
62.15
60.973
64.415
30.956
48.486
30.294
56.121
30.236
61.605
30.245
64.506
30.255
49.364
30.275
45.675
30.176
39.513
30.201
38.917
30.196
30.232
30.182
30.201
30.167
30.225
30.182
30.235
30.175
30.265
30.186
30.234
30.254
30.255
30.295
30.253
30.29
30.283
30.303
30.239
36.35
30.272
36.554
30.259
58.281
31.52
57.796
30.932
62.834
41.35
62.332
41.055
61.634
46.079
62.751
42.79
62.393
62.765
61.054
61.365
62.198
60.769
62.952
61.405
50.178
36.483
45.317
36.403
61.058
62.345
60.288
61.365
62.444
61.28
60.155
62.498
37.329
44.567
34.478
49.638
46.627
63.189
46.71
61.375
54.124
62.371
54.007
61.478
52.818
54.067
52.921
53.72
64.522
41.748
62.468
40.983
64.228
30.244
63.797
30.232
61.839
30.269
61.722
30.222
62.38
30.275
62.719
30.215
61.44
30.295
65.117
30.214
60.845
30.269
64.517
30.218
59.046
30.337
64.292
30.64
31.035
37.177
30.905
37.122
30.195
55.396
30.17
55.078
30.233
61.618
30.16
61.179
30.23
61.635
30.176
62.314
30.181
62.49
30.171
62.143
30.217
61.304
30.191
62.56
30.193
56.234
30.283
62.001
30.301
61.484
30.258
59.604
35.721
61.192
36.086
60.363
55.146
42.626
55.887
42.377
63.776
30.859
62.959
30.301
61.572
30.402
46.834
30.179
51.261
31.082
51.865
30.319
65.153
31.034
61.576
30.337
63.73
30.362
51.74
30.201
53.185
30.975
53.408
30.241
64.862
32.4
62.776
32.142
57.198
35.337
39.345
30.159
52.673
44.942
53.058
44.862
62.893
61.774
62.203
62.839
58.045
47.78
45.074
30.246
55.273
47.946
56.2
48.207
