30.586
30.546
30.78
30.406
36.935
33.313
33.013
33.561
75.141
75.714
76.729
75.921
74.082
66.841
68.074
73.999
37.197
42.506
41.415
37.079
37.206
37.891
38.742
37.152
37.413
37.988
38.986
37.168
37.589
38.209
38.244
37.507
37.665
38.204
38.303
37.495
37.926
38.218
38.528
37.654
37.989
38.496
38.997
37.798
38.083
38.563
38.838
37.628
38.112
38.489
38.763
37.851
38.334
38.465
38.804
38.382
38.301
38.83
38.876
38.408
38.236
38.83
40.536
38.142
38.292
39.016
39.163
38.308
38.683
39.091
39.03
38.43
38.596
39.172
39.112
38.526
38.614
39.19
39.317
38.391
38.571
39.395
39.375
38.59
38.877
39.493
39.6
38.767
38.962
39.53
39.855
38.917
38.985
39.65
39.726
39.006
39.389
39.762
40.925
39.223
39.231
39.904
39.889
39.036
39.233
40.017
40.3
39.381
39.655
40.049
40.352
39.48
39.806
40.244
40.18
39.574
39.886
40.358
40.249
39.574
39.9
40.293
40.425
39.915
39.594
40.576
40.683
39.635
39.851
40.678
40.66
39.798
39.796
40.802
40.782
39.946
39.971
40.767
40.748
39.971
40.285
41.072
41.024
40.068
40.2
41.019
41.016
40.258
40.16
41.268
41.148
40.044
40.274
41.244
41.322
40.393
40.37
41.164
41.278
40.411
40.434
41.534
41.73
40.408
40.868
41.394
41.285
40.477
40.644
41.611
42.81
40.686
40.743
41.703
41.688
40.779
40.77
41.851
41.79
40.779
41.189
42.007
41.924
41.029
41.038
41.976
41.936
41.069
41.145
42.018
42.36
41.129
41.527
42.232
42.195
41.291
41.633
42.349
42.381
41.348
41.621
42.375
42.973
41.437
41.653
42.572
42.572
41.542
41.837
42.579
42.982
41.659
42.004
42.728
42.763
42.003
41.568
42.809
42.941
41.749
41.871
42.665
43.049
42.006
41.97
42.959
43.121
42.015
42.134
43.08
43.281
42.117
42.203
43.095
43.444
42.23
42.409
43.189
43.261
42.383
42.705
43.413
43.339
42.748
42.825
43.442
43.485
42.487
42.578
43.58
43.723
42.638
42.719
43.691
44.523
42.649
42.828
43.752
43.584
42.795
42.945
43.92
43.842
43.064
