30.858
30.422
30.489
30.629
31.265
32.404
36.388
32.698
74.534
76.441
75.074
74.213
68.856
74.651
74.2
74.547
50.756
53.524
53.37
50.59
50.103
53.543
53.356
50.264
50.035
53.678
53.591
49.949
50.431
53.542
53.602
49.844
50.273
53.648
53.704
50.212
50.435
53.706
53.737
50.463
50.418
37.623
37.398
50.488
50.182
37.547
37.013
50.548
50.393
37.206
37.45
50.589
50.421
37.261
37.412
50.628
50.396
37.475
37.558
50.694
50.566
37.388
37.617
50.915
50.858
37.558
37.731
50.718
50.727
37.741
37.852
50.502
50.996
37.646
37.879
50.887
50.97
37.858
37.957
51.138
50.82
37.886
38.081
50.889
51.18
38.111
38.244
50.903
51.146
38.157
38.347
50.983
51.178
37.994
38.327
51.044
51.448
38.313
38.494
51.354
51.547
38.393
38.405
51.526
51.157
38.344
38.258
51.268
51.324
38.48
38.325
51.404
51.412
38.465
38.572
51.635
51.518
38.76
38.712
51.652
51.763
38.867
38.707
51.662
51.738
38.998
38.908
51.939
51.784
38.909
39.136
51.961
52.016
39.125
39.05
52.12
51.989
39.229
39.21
52.205
54.164
39.159
39.248
52.299
52.036
39.47
39.647
52.146
52.412
39.424
39.474
52.041
52.299
39.495
39.697
52.342
52.371
39.65
39.618
52.396
52.431
39.668
39.655
52.439
52.512
39.744
39.814
52.39
52.573
39.842
40.044
52.571
52.558
39.953
39.805
52.684
52.65
40.077
40.042
52.536
52.79
40.074
40.126
52.665
52.916
40.318
40.262
52.826
52.814
40.185
40.204
52.926
53.033
40.398
40.33
52.987
53.155
40.64
40.78
53.341
53.174
40.273
40.566
53.428
53.221
40.777
40.963
53.464
53.339
40.68
40.707
53.491
53.34
40.921
41.145
53.602
53.487
40.939
41.247
53.611
53.457
40.884
41.138
53.628
53.533
41.225
41.384
53.759
54.023
41.233
41.268
53.971
53.967
41.248
41.563
53.735
53.835
41.178
41.419
53.834
54.141
41.509
41.742
54.091
54.239
41.419
41.703
54.256
54.009
41.688
41.882
54.061
53.972
41.797
41.991
54.089
54.183
41.797
42.025
54.245
54.213
41.927
42.12
54.523
