30.764
30.564
30.669
30.395
31.314
36.121
33.324
33.147
91.029
75.415
93.547
95.976
67.421
79.134
71.921
68.431
99.379
99.045
99.275
99.256
49.971
50.396
49.63
50.458
49.705
49.997
49.648
50.102
49.716
36.748
49.846
36.6
50.055
36.732
49.762
36.687
50
36.77
49.889
36.58
49.819
37.054
49.863
36.844
50.12
37.002
50.011
36.785
50.448
37.083
50.145
36.984
50.233
37.228
50.183
37.067
50.227
37.256
50.277
37.166
50.483
37.309
50.45
37.266
50.598
37.419
50.571
37.293
50.428
37.424
50.275
37.464
50.691
37.652
50.65
37.443
50.756
37.742
50.792
37.706
50.609
37.785
50.812
37.655
50.71
37.957
50.964
37.868
50.809
37.918
51.001
37.922
50.979
38.136
51.192
37.936
51.172
38.221
51.29
38.088
51.202
38.237
51.303
38.259
51.353
38.338
51.39
38.08
51.335
38.436
51.509
38.197
51.466
38.48
51.542
38.492
51.504
38.549
51.575
38.576
51.646
38.644
51.791
38.579
51.636
38.703
51.773
38.719
51.843
38.845
52.031
38.792
51.779
38.963
51.956
38.733
51.834
38.695
51.882
38.912
52.058
38.847
52.031
38.997
52.227
39.176
52.066
39.128
52.055
39.359
52.297
39.137
52.292
39.28
52.457
39.105
52.371
39.415
52.499
39.394
52.546
39.566
52.157
39.585
52.593
39.554
52.753
39.527
52.618
39.636
52.716
39.489
52.642
39.824
52.844
39.751
52.838
39.802
53.053
39.753
52.872
40.011
52.935
40.029
53.135
40.035
53.119
39.974
53.2
40.174
53.279
39.971
53.23
40.311
53.242
40.268
53.202
40.293
53.376
40.228
53.352
40.285
53.522
40.213
53.573
40.586
53.439
40.516
53.508
40.614
53.592
40.339
53.505
40.52
53.569
40.474
53.711
40.638
53.731
40.553
53.703
40.808
53.845
40.775
53.809
40.78
53.849
40.612
53.909
40.735
53.974
40.686
54.029
40.988
54.083
41.03
54.27
40.992
54.103
41.009
54.023
40.915
54.075
40.972
54.334
41.29
54.31
41.234
54.174
41.244
54.32
41.129
54.169
41.303
54.337
41.002
54.294
41.45
54.361
41.318
54.41
41.51
54.493
41.391
