30.488
30.381
30.407
30.374
30.784
30.599
30.774
30.781
30.298
30.216
30.379
30.297
30.326
30.218
30.37
30.332
64.549
62.595
63.902
61.843
60.281
44.088
62.223
43.9
63.813
64.788
64.242
63.583
63.711
65.482
65.518
64.016
48.555
45.226
45.224
42.895
63.505
61.914
66.064
63.699
60.45
51.276
30.369
30.345
63.813
61.832
64.539
62.167
63.288
53.304
62.165
33.058
63.544
52.267
60.954
53.019
63.657
62.344
62.4
60.3
30.34
43.255
30.302
43.203
30.259
64.555
30.276
64.962
30.297
63.991
30.17
64.267
30.242
64.581
30.324
65.325
31.476
64.082
31.712
63.761
33.97
51.389
33.703
51.602
47.19
58.312
47.392
58.467
63.426
43.327
63.481
43.361
64.922
30.268
65.563
30.187
63.335
30.31
63.21
30.46
65.569
30.184
65.533
30.381
42.818
30.309
42.905
30.935
49.327
30.485
49.271
30.797
46.661
34.973
46.709
35.657
48.129
50.132
47.524
51.033
40.359
63.425
40.297
63.523
41.354
63.842
41.361
63.838
44.797
63.484
44.813
64.285
30.631
44.867
30.822
45.6
36.991
62.277
37.143
63.056
51.821
63.048
51.569
63.179
63.565
64.594
64.092
63.352
64.451
59.693
65.041
59.791
62.568
56.789
63.503
57.297
63.96
55.871
64.621
56.497
64.043
56.892
63.73
56.729
63.503
32.118
66.467
50.99
61.829
31.241
61.577
31.98
63.853
35.359
64.854
35.99
66.22
40.054
64.134
40.414
63.187
34.535
66.376
34.908
42.295
37.32
42.554
38.135
34.333
59.253
34.132
59.972
38.21
64.441
38.05
63.697
30.227
66.186
30.336
64.1
34.683
65.519
34.863
63.34
31.231
65.499
31.937
65.754
36.506
40.596
36.655
41.439
51.944
55.686
52.361
56.464
63.177
68.881
63.348
69.749
59.814
62.356
61.348
57.853
64.045
64.804
63.975
64.207
63.955
53.474
63.387
53.91
64.898
34.856
65.454
35.047
66.287
30.264
63.326
30.179
61.828
30.322
65.245
31.251
44.953
30.254
44.426
31.045
30.165
30.488
30.188
30.668
30.195
30.321
30.178
30.437
30.164
30.347
30.174
31.095
30.185
35.261
30.169
35.589
