30.349
30.384
30.329
30.304
30.62
30.338
30.693
30.628
30.313
30.657
30.29
30.293
30.196
30.617
30.342
30.372
35.868
33.128
93.608
90.554
57.148
36.409
101.337
101.041
57.148
31.242
97.473
92.732
48.59
49.586
86.336
83.384
30.362
30.911
101.048
101.669
30.366
30.321
100.568
100.982
30.352
30.388
54.16
54.094
30.664
30.344
50.722
50.682
30.476
30.378
48.415
48.665
30.713
30.291
40.435
40.459
30.617
30.307
39.035
39.158
30.478
30.355
30.29
30.369
30.369
30.434
30.339
30.373
35.389
34.958
30.349
30.246
45.954
45.361
30.337
30.182
63.096
62.851
30.328
30.286
75.151
74.69
30.36
30.262
84.589
84.359
30.77
30.797
96.46
96.262
38.461
38.524
100.146
99.12
52.973
53.037
100.977
99.961
57.591
57.703
99.842
99.648
67.984
68.125
85.867
101.883
30.366
30.332
91.014
90.996
32.378
32.751
88.601
88.509
32.429
32.52
101.172
100.039
30.508
30.244
96.995
97.155
30.529
30.354
100.983
105.842
30.739
30.195
101.732
108.347
30.42
30.315
93.966
94.158
31.206
30.698
79.451
80.514
36.489
36.362
48.548
50.545
45.235
44.816
30.47
30.575
47.216
47.069
30.451
30.303
47.933
47.245
30.474
30.354
38.282
38.086
30.637
30.302
30.836
30.336
30.481
30.408
30.909
30.308
30.406
30.407
30.978
30.385
30.421
30.346
30.957
30.306
30.865
30.679
30.816
30.3
39.158
38.744
30.415
30.444
46.998
46.999
32.29
32.075
61.145
60.919
37.507
37.256
75.964
75.631
45.991
45.953
87.006
87.041
54.956
54.64
94.848
94.816
60.489
60.04
102.551
100.062
58.411
58.197
101.91
99.201
34.439
34.588
104.912
102.246
30.338
36.965
37.406
37.167
30.383
30.342
40.763
40.735
30.675
30.57
40.617
41.145
30.341
30.275
41.163
41.136
30.345
30.294
37.634
38.775
30.692
30.633
30.438
30.802
32.07
32.131
30.467
30.434
41.877
42.21
30.352
30.586
43.761
44.044
30.346
30.544
42.667
42.213
30.359
30.525
33.767
33.553
30.374
30.391
30.956
30.263
33.167
32.844
30.965
30.372
42.049
41.863
31.131
30.322
