30.374
30.364
30.362
30.374
30.505
30.898
30.628
31.038
88.209
76.677
88.965
79.004
104.269
107.253
104.361
107.299
51.297
75.298
51.342
63.254
56.205
45.168
56.319
45.224
70.289
57.78
70.399
57.462
69.494
69.387
69.588
68.983
61.151
64.936
61.02
64.951
66.058
68.335
66.155
68.259
58.728
68.559
58.611
68.464
63.77
59.797
63.398
59.371
59.265
60.645
59.245
60.224
58.16
57.54
58.225
57.386
60.49
63.448
60.605
62.863
58.164
63.097
58.22
62.921
60.554
61.107
60.127
61.009
58.047
66.466
58.254
65.736
57.614
60.386
57.562
60.296
60.156
59.75
60.754
59.37
57.985
60.768
57.891
61.156
57.61
59.049
57.826
59.141
57.003
63.617
56.933
64.088
56.709
60.953
56.726
61.159
60.944
58.845
61.261
58.72
56.469
62.143
56.488
62.46
55.53
59.425
55.561
59.524
54.558
64.212
54.568
64.276
53.642
59.987
53.669
60.19
60.253
59.645
60.285
59.83
53.969
64.507
53.95
65.239
54.388
61.118
54.289
61.34
54.715
62.232
55.135
61.575
54.51
60.134
54.563
60.442
56.596
59.062
56.631
59.433
52.691
63.816
52.686
63.902
51.295
60.665
51.221
60.957
52.132
61.345
52.706
61.039
48.255
62.493
48.262
62.771
46.968
59.751
47.065
60.332
44.833
64.313
44.874
64.798
43.392
61.101
43.426
61.333
48.035
58.59
48.659
58.729
41.644
60.114
41.577
60.68
41.742
59.949
41.715
60.438
41.967
65.198
41.899
65.172
43.149
58.458
43.143
58.911
50.587
58.905
50.59
59.07
45.685
62.119
45.507
62.557
46.339
61.03
46.333
61.501
46.974
65.71
46.928
64.894
48.702
60.718
48.77
61.065
55.766
58.526
55.777
58.922
50.511
60.626
50.595
61.394
51.26
59.364
51.386
59.83
52.441
63.472
52.554
63.035
53.165
61.994
53.23
62.734
59.413
60.197
59.436
60.691
53.904
64.721
54.076
65.136
54.977
59.478
55.005
60.04
57.171
61.136
57.22
60.687
58.144
59.996
58.29
60.532
63.315
59.261
63.261
60.075
59.266
64.107
59.446
64.658
56.403
60.413
56.485
60.849
