30.393
30.344
30.399
30.406
30.578
30.706
30.944
31.006
30.194
30.257
30.304
30.347
30.225
30.208
30.238
30.259
63.351
63.111
64.524
64.274
97.532
98.088
113.676
113.921
88.772
67.703
113.639
114.616
51.461
53.268
53.836
52.389
110.545
109.812
112.968
111.688
102.333
98.95
113.028
113.553
44.175
43.853
43.613
43.874
102.094
102.671
42.614
42.523
100.975
101.335
41.057
41.135
99.912
100.118
39.85
39.918
95.454
96.023
35.499
35.549
101.227
101.39
30.266
30.242
94.407
94.823
30.463
30.474
91.348
91.495
30.282
30.27
93.31
93.394
30.355
30.315
81.527
81.457
30.457
30.69
84.887
84.721
34.747
34.811
82.298
82.329
41.526
41.74
77.111
77.317
50.369
50.556
60.81
60.467
55.409
55.357
30.916
30.636
59.803
59.529
30.276
30.26
60.626
60.458
30.234
30.249
46.313
46.42
30.236
30.241
32.753
32.607
30.319
30.242
30.32
30.291
30.235
30.28
30.308
30.305
30.204
30.262
30.245
30.211
30.255
30.334
30.294
30.272
32.887
33.214
30.365
30.294
45.183
45.355
31.181
30.917
51.419
51.769
38.995
38.741
62.361
62.804
41.876
41.714
67.982
68.644
47.712
47.325
64.242
64.937
59.706
59.795
54.043
54.028
63.48
63.546
30.75
30.591
71.868
72.031
30.204
30.255
72.875
72.014
30.216
30.262
71
70.584
30.278
30.219
67.439
67.512
30.228
30.268
52.368
52.207
30.349
30.319
44.957
44.781
30.308
30.895
30.299
30.201
30.401
31.127
30.28
30.222
36.188
36.475
30.274
30.2
45.183
45.95
30.261
30.269
55.257
55.971
30.279
30.24
61.997
62.654
30.258
30.277
57.04
57.555
30.982
30.357
43.652
43.554
38.65
38.184
30.227
30.406
41.501
41.528
30.225
30.337
47.643
47.483
30.202
30.274
45.128
45.053
30.256
30.321
30.382
30.31
30.222
30.343
30.295
30.264
30.365
30.338
30.312
30.228
30.235
30.836
30.27
30.247
30.493
30.967
30.268
30.218
40.098
40.426
30.291
30.239
47.478
48.109
30.566
30.239
59.492
60.175
36.262
36.17
69.581
70.061
44.818
44.807
