30.408
30.416
30.368
30.395
30.228
30.385
30.253
30.347
82.806
77.419
86.178
84.2
77.88
71.598
85.731
86.496
50.749
52.187
30.542
31.152
59.478
59.562
32.453
32.688
73.089
73.049
36.688
36.768
74.83
74.911
43.015
42.942
69.52
69.816
37.539
37.605
73.353
73.623
38.568
38.632
64.235
64.238
39.903
39.888
55.794
55.675
40.911
40.783
54.493
54.435
47.506
47.401
55.733
55.754
43.462
43.555
64.634
64.387
42.198
42.236
65.825
65.566
46.578
46.276
61.847
61.825
49.289
49.29
68.097
67.719
55.652
55.709
62.9
62.921
53.565
53.465
64.486
64.386
54.426
54.211
62.04
61.646
56.842
56.294
57.956
57.613
55.332
54.883
62.547
62.41
56.564
56.189
61.538
61.169
56.703
56.316
61.006
61.209
57.19
57.024
65.172
64.663
64.131
63.238
61.075
60.768
60.516
59.627
64.372
64.186
58.117
57.439
60.978
60.931
59.3
58.631
58.533
58.207
58.965
58.294
63.334
62.723
63.966
63.915
61.423
60.775
59.889
59.596
65.02
64.665
58.625
58.611
62.706
62.024
61.637
61.475
59.631
59.157
57.896
58.029
64.005
63.809
59.927
60.038
58.588
58.079
59.097
58.981
62.074
62.131
58.373
58.255
62.315
61.98
63.036
62.451
60.547
59.912
59.638
59.763
64.087
63.825
58.271
58.533
60.761
60.224
59.739
59.59
59.593
59.757
58.218
58.095
63.763
63.282
64.252
64.169
59.975
59.664
59.685
59.642
62.839
62.459
58.381
58.578
63.489
63.057
60.4
60.14
61.273
60.539
58.743
58.832
67.195
66.922
60.518
60.525
63.562
63.161
60.321
60.418
64.658
64.414
59.582
59.437
62.878
62.131
65.542
65.457
58.749
58.01
61.759
61.748
62.004
61.759
59.017
59.17
61.016
60.537
61.392
61.508
59.539
59.293
58.788
58.633
62.086
61.495
63.887
63.934
61.46
60.965
58.997
59.075
65.684
65.679
59.284
59.373
62.582
62.051
64.651
64.328
60.082
59.594
61.152
61.119
63.884
63.421
62.361
62.233
59.302
58.665
63.393
63.429
63.798
63.706
58.216
58.143
62.086
61.489
62.621
62.395
