30.367
30.409
30.396
30.338
30.33
31.007
30.525
30.645
30.565
30.313
30.271
30.254
30.197
30.379
30.321
30.18
58.138
61.286
62.182
59.729
58.808
54.892
58.998
58.091
62.842
63.828
61.645
61.957
33.902
44.844
35.736
46.49
59.944
60.657
61.489
60.256
58.591
58.214
56.935
30.36
59.517
64.832
62.344
59.514
52.819
34.806
53.521
45.647
61.024
62.3
61.398
60.769
62.077
47.969
48.597
61.221
61.369
30.261
30.236
61.847
61.919
30.26
30.364
60.3
61.85
30.236
30.278
62.023
61.702
30.252
30.295
61.715
61.347
30.286
30.451
60.977
60.688
34.52
34.466
60.861
46.239
48.112
48.064
46.216
30.196
61.275
61.176
30.146
30.178
62.616
61.114
30.166
30.177
63.497
62.694
30.174
30.168
61.687
62.185
30.175
30.153
65.093
62.792
30.168
30.201
64.983
64.953
30.164
30.193
68.251
57.118
30.141
30.161
39.621
39.48
30.179
30.225
30.197
30.183
30.229
39.771
30.186
30.196
40.13
61.241
30.225
30.272
61.413
61.163
30.208
30.319
61.554
58.573
30.204
30.223
56.195
61.43
32.775
32.522
61.631
62.044
45.386
45.437
61.029
61.527
46.033
45.979
61.996
61.408
62.23
61.261
60.838
61.23
60.103
61.75
61.355
59.545
62.214
61.203
59.735
61.323
62.684
62.682
60.993
51.27
61.177
60.172
51.517
46.895
64.664
62.529
46.93
45.349
36.472
58.235
30.291
30.294
30.375
30.165
30.246
30.246
30.23
30.23
30.23
30.245
30.203
30.219
30.241
31.866
30.202
30.19
31.996
40.198
30.199
30.181
40.293
56.796
30.172
30.214
56.172
60.94
30.364
30.227
60.769
61.773
31.269
31.577
61.429
60.906
42.535
42.366
61.567
61.416
62.269
62.322
61.903
61.344
61.924
62.863
61.151
61.633
62.093
62.9
60.959
60.051
59.789
59.267
59.799
61.172
63.749
62.52
61.45
32.033
50.049
45.741
32.002
30.21
60.947
60.106
30.17
30.222
61.332
61.07
30.206
30.283
64.717
61.037
30.241
30.237
52.429
52.887
30.223
31.079
65.504
61.075
30.445
33.004
64.125
62.82
30.165
34.936
37.97
38.627
34.527
