30.38
30.721
30.536
30.866
30.383
30.632
35.292
30.242
30.262
30.257
30.409
30.263
30.554
30.286
30.304
30.475
32.993
30.549
32.962
31.622
30.424
31.117
30.33
30.502
32.059
33.046
30.399
31.651
31.714
30.987
33.228
30.555
30.656
30.467
30.937
30.351
31.962
31.341
30.416
31.545
33.74
30.508
33.061
30.506
32.577
30.57
30.542
31.52
30.571
31.402
30.334
31.591
30.451
30.786
32.543
30.467
32.716
30.841
33.159
30.919
31.181
31.214
30.444
31.577
30.578
30.848
31.744
30.354
33.204
31.332
33.205
31.532
30.726
30.664
30.382
30.465
30.483
30.598
31.807
31.41
32.636
31.399
33.035
31.599
30.743
30.575
30.421
30.425
30.555
31.314
31.499
31.536
33.09
31.22
33.235
30.383
30.784
30.617
30.402
30.662
30.458
31.672
32.059
31.527
33.206
30.481
33.121
30.301
31.018
31.355
30.694
31.592
30.496
30.554
32.786
30.331
32.87
30.602
32.356
31.38
31.086
31.597
30.337
31.611
30.525
30.541
31.822
30.384
33.153
31.333
33.032
31.514
30.786
31.296
30.339
30.475
30.524
30.551
32.766
30.464
32.855
31.487
33.187
31.484
30.58
30.547
30.426
30.418
30.514
31.408
32.862
31.623
32.808
30.712
31.207
30.451
30.556
30.629
30.446
30.511
30.554
31.594
33.126
31.572
33.184
30.541
31.374
30.364
30.544
31.646
30.347
31.408
30.598
30.69
33.15
30.565
32.694
30.431
31.153
30.485
30.446
31.44
30.301
31.651
31.458
30.558
33.152
30.376
32.879
31.345
30.594
31.56
30.598
30.758
30.385
30.406
31.202
30.707
33.171
30.598
33.301
31.337
30.904
31.527
30.903
30.877
30.335
30.388
30.668
30.6
32.661
31.645
32.612
31.347
32.996
31.577
30.865
31.064
30.298
30.535
30.577
31.349
31.154
31.529
33.156
31.804
33.107
30.315
31.49
30.584
30.415
30.427
30.533
31.353
31.079
31.503
32.661
30.523
33.091
30.399
30.963
31.436
30.653
31.58
30.647
32.614
31.712
30.372
33.204
30.567
33.018
30.365
30.988
31.397
30.309
31.599
30.514
30.628
31.339
30.505
32.696
31.2
33.094
31.549
