30.442
30.562
30.85
30.826
33.088
36.429
31.068
31.574
84.633
83.326
84.527
85.924
61.568
72.592
59.798
69.662
89.223
86.511
69.178
78.715
43.535
43.695
59.293
59.177
43.804
43.79
59.559
59.421
43.587
43.523
59.478
59.32
44.114
44.226
59.28
59.436
44.091
44.21
59.456
59.417
44.55
44.425
59.525
59.458
44.513
44.817
59.541
59.411
44.799
45.117
59.425
59.347
44.929
45.084
59.462
59.41
45.039
45.385
59.508
59.474
45.159
45.182
59.361
59.287
45.509
45.441
59.28
59.214
45.718
45.91
59.293
59.324
45.849
45.817
59.414
59.235
46.113
46.074
59.518
59.406
46.371
46.193
59.557
59.391
46.551
46.605
59.289
59.381
46.822
46.906
59.599
59.525
46.876
46.997
59.518
59.214
47.402
47.248
59.512
59.21
47.15
46.939
59.222
59.233
47.322
47.367
59.334
59.337
47.412
47.228
59.282
59.431
47.493
47.537
59.276
59.343
47.602
47.657
59.283
59.357
47.901
47.917
59.29
59.337
48.042
48.358
59.338
59.197
48.058
48.442
59.152
59.344
48.345
48.587
59.307
59.324
48.514
48.775
59.528
59.175
48.66
48.61
59.542
59.347
48.855
48.998
59.549
59.248
48.871
49.147
59.644
59.351
49.268
49.132
59.576
59.362
49.275
49.216
59.589
59.34
49.265
49.477
59.499
59.33
49.786
49.762
59.266
59.329
49.575
49.86
59.33
59.368
49.951
49.931
59.534
59.334
50.236
50.089
59.548
59.354
50.252
50.337
59.443
59.358
50.364
50.504
59.553
59.416
50.735
50.9
59.554
59.433
50.871
51.064
59.568
59.225
50.942
50.832
59.607
59.396
50.973
51.104
59.529
59.251
51.204
51.552
59.496
59.34
51.403
51.446
59.563
59.343
51.666
51.514
59.336
59.338
52.779
51.859
59.333
59.341
52.004
51.875
59.324
59.382
52.271
52.432
59.354
59.312
52.215
52.53
60.567
59.251
52.439
52.602
59.311
59.309
52.561
52.681
59.289
59.327
52.858
52.876
59.325
59.37
53.034
53.272
59.288
59.438
53.135
53.406
59.285
59.322
53.464
53.617
59.367
59.335
54.685
53.888
59.328
59.269
53.716
53.917
59.359
59.178
