30.38
30.416
30.386
30.4
30.803
30.634
30.496
30.537
30.243
30.386
30.289
30.251
30.189
30.279
30.216
30.24
60.191
58.912
60.4
59.717
62.432
61.685
62.874
61.665
54.711
47.119
50.116
55.548
61.945
61.719
62.017
63.448
57.872
51.395
47.722
59.975
54.672
44.784
45.067
58.653
61.822
61.772
65.073
62.055
35.527
31.604
42.19
54.331
36.233
59.745
60.204
36.127
30.379
62.864
62.342
30.324
30.341
42.402
43.518
30.261
39.873
61.241
61.389
39.827
30.21
57.032
60.511
50.279
47.118
61.113
61.438
47.289
62.231
62.527
62.731
63.368
38.123
57.153
57.628
38.465
60.195
61.683
61.363
60.237
41.105
58.648
58.091
42.293
61.067
60.585
61.162
61.04
39.801
59.486
59.568
40.871
61.365
60.799
61.177
62.492
62.805
61.53
62.29
61.619
44.312
49.466
49.057
46.042
63.394
60.394
61.145
61.704
60.687
61.31
62.063
62.123
61.422
61.186
61.418
60.523
62.5
61.231
61.692
61.778
61.837
60.963
60.43
63.238
60.744
40.681
30.752
50.329
48.777
30.186
30.209
49.52
30.885
30.272
30.374
30.769
30.192
30.264
30.227
30.292
30.249
30.274
30.254
30.28
30.259
30.281
30.273
30.273
30.236
30.253
30.209
30.248
30.263
31.18
30.252
30.287
32.178
30.841
30.453
32.516
42.952
39.832
39.129
43.161
59.948
60.226
59.839
60.802
65.481
61.385
62.135
63.685
32.195
33.364
35.847
33.89
54.856
60.759
60.194
55.321
60.919
60.619
61.855
62.033
65.961
51.386
46.669
48.247
53.996
61.696
60.334
53.988
61.814
60.697
61.514
60.453
48.618
60.845
61.834
42.936
40.679
50.741
50.205
41.423
56.566
62.418
62.152
56.633
49.409
37.68
30.931
38.626
39.628
57.246
56.475
40.473
56.971
61.651
61.692
57.442
50.368
32.636
31.215
30.419
45.946
60.472
60.055
46.141
61.531
61.318
61.445
61.578
48.831
35.071
34.755
47.89
62.872
58.143
57.433
61.307
62.322
61.289
61.009
63.591
64.018
62.725
62.361
64.12
55.528
41.034
40.631
56.122
60.56
61.278
60.821
62.858
61.031
62.258
61.535
63.573
