30.605
30.863
30.562
30.388
32.141
32.121
39.216
34.03
84.218
101.85
79.928
96.726
85.107
73.781
107.039
112.111
88.332
88.038
108.327
108.524
89.535
89.189
88.711
82.054
89.738
89.74
56.924
57.014
89.831
90.072
57.535
57.487
90.605
90.413
58.617
58.267
90.98
90.817
58.864
58.784
91.198
90.986
59.488
59.261
91.374
91.579
59.952
59.968
91.791
92.075
60.583
60.498
92.326
92.372
61.153
61.067
92.536
92.881
61.492
61.459
93.22
93.104
61.801
61.915
94.023
93.508
62.6
62.719
94.062
93.928
63.048
63.198
94.298
94.26
63.599
63.656
94.611
94.607
64.304
64.486
95.019
94.966
64.932
64.75
95.387
95.538
65.343
65.408
95.714
95.847
65.844
66.087
96.004
96.235
66.416
66.514
96.44
96.6
67.044
67.135
96.811
96.994
67.411
67.364
97.207
97.249
67.909
67.819
97.669
97.558
68.227
68.598
97.866
97.774
68.943
69.046
98.142
98.335
69.724
69.539
98.468
98.626
70.014
69.883
99.018
99.063
70.368
70.621
99.574
99.483
70.763
71.186
99.703
99.931
71.518
71.798
100.06
100.192
72.053
72.265
100.518
100.232
72.508
72.68
101.981
100.766
72.725
72.933
101.1
101.26
73.36
73.244
101.587
101.726
73.74
73.556
101.741
101.882
74.328
74.274
102.179
102.26
74.657
74.724
102.537
102.667
75.153
75.263
102.905
102.835
75.696
75.642
103.362
103.359
76.271
76.259
103.502
103.578
76.658
76.701
103.998
104.088
77.167
77.16
104.291
104.034
77.641
77.589
104.528
104.803
78.106
78.068
104.993
105.306
78.531
78.755
105.186
105.264
78.866
79.005
105.71
105.693
79.193
79.524
105.881
105.971
79.794
79.945
106.358
106.391
80.036
80.105
106.541
106.461
80.462
80.704
106.999
106.802
80.964
81.191
107.199
107.393
81.367
81.389
107.646
107.701
81.867
81.933
109.126
108.072
82.311
82.451
108.133
108.363
82.851
82.772
108.763
108.614
83.099
83.168
108.933
109.128
83.699
83.879
109.117
109.319
84.012
83.923
109.604
109.579
84.508
84.642
110.083
109.919
84.988
84.901
110.192
110.285
85.322
85.226
110.475
110.557
85.463
85.582
