30.697
30.392
30.588
30.786
33.033
32.067
36.189
31.379
59.219
55.812
55.696
62.307
56.006
58.732
56.19
57.707
51.98
31.06
31.25
51.907
51.825
31.343
31.449
51.99
52.278
31.517
31.695
52.228
52.028
31.718
31.936
51.933
51.991
31.961
31.911
51.996
51.877
32.167
32.15
52.702
51.847
32.485
32.312
54.757
51.924
32.861
32.651
51.996
51.965
32.96
32.889
52
51.972
33.245
33.19
51.966
51.978
33.655
33.622
51.98
51.98
33.638
33.313
52.186
51.972
33.799
33.71
52.041
52.005
34.078
33.94
51.992
51.964
34.517
34.161
52.009
51.991
34.487
34.301
51.957
52.015
34.682
34.496
52.071
51.98
34.642
34.501
52.016
51.993
35.091
34.928
52.019
51.884
35.38
35.182
52.091
52.154
35.735
35.317
52.048
51.968
35.647
35.382
51.936
52.018
35.925
35.716
52.108
51.857
36.166
38.227
51.976
51.949
36.326
36.004
53.233
52.049
36.563
36.412
51.995
52.074
36.82
36.806
52.049
52.086
36.923
36.924
51.966
52.029
37.105
36.966
51.991
51.967
37.418
37.431
52.032
51.961
37.592
37.236
51.956
51.961
37.907
37.885
51.937
52.054
38.029
37.957
51.958
51.999
38.265
38.226
52.452
51.99
38.492
38.109
51.993
52.002
38.666
38.64
52.068
52.039
38.885
38.921
52.048
52.011
38.994
39.025
51.968
52.141
39.293
39.306
52.098
52.135
39.379
39.276
52.192
52.119
39.635
39.598
52.183
52.093
39.712
39.758
52.187
52.15
39.919
40.039
53.528
52.189
40.207
40.083
52.172
52.157
40.354
40.302
52.611
52.015
40.557
40.469
52.192
52.204
40.663
40.696
52.21
52.295
40.911
40.922
52.244
52.273
40.913
40.927
52.189
52.202
41.08
41.241
52.325
52.169
41.33
41.284
52.325
52.345
41.092
41.499
52.396
52.299
41.545
41.542
52.326
52.373
41.677
41.693
52.818
52.397
41.655
41.678
52.521
52.58
41.907
41.946
52.48
52.506
41.884
41.93
52.523
52.641
42.026
42.027
52.679
52.636
41.994
42.039
52.951
52.615
41.91
42.145
52.65
52.77
42.143
42.118
52.776
52.862
42.298
42.306
52.831
