30.32
30.467
30.985
30.476
30.765
37.853
35.587
31.983
60.675
44.704
57.733
58.586
33.476
40.279
59.913
59.208
32.655
30.444
44.95
44.907
30.414
30.433
44.913
45.062
30.674
30.333
45.207
45.219
30.282
30.612
45.347
45.44
30.582
30.386
45.291
45.461
30.408
30.37
45.199
45.386
30.764
30.559
45.461
45.509
30.744
30.602
45.285
45.552
31.922
30.671
45.582
45.469
30.638
30.869
45.636
45.66
30.961
30.964
45.802
45.819
31.143
31.074
45.771
45.843
31.312
31.154
45.94
45.975
31.242
31.306
46.044
46.081
31.517
31.449
45.928
45.929
31.524
31.449
46.699
46.167
31.494
31.545
46.231
46.162
31.743
31.666
46.169
46.107
31.743
31.8
46.313
46.448
31.857
31.786
46.571
46.534
32.095
31.941
46.359
46.458
32.096
32.171
46.553
46.568
32.371
32.311
46.588
46.602
32.583
32.318
46.565
46.57
32.469
32.385
46.638
46.729
32.321
32.538
46.871
46.648
32.686
32.804
46.762
46.61
32.814
32.767
46.709
46.805
32.919
32.908
46.762
46.808
33.065
33.035
46.849
46.943
33.618
33.134
46.952
46.967
33.178
33.103
46.812
46.838
33.468
33.246
46.967
46.89
33.518
33.475
47.022
47.044
33.534
33.62
46.911
47.095
33.55
33.618
47.133
47.201
33.8
33.817
47.133
47.032
33.91
33.882
47.18
46.98
33.917
33.993
47.236
47.178
34.074
33.984
47.055
47.328
36.722
34.21
47.26
47.336
34.387
34.306
47.436
47.187
34.533
34.538
47.369
47.435
34.544
34.475
49.199
47.296
34.612
34.64
47.418
47.557
34.762
34.541
47.413
47.58
34.998
34.951
47.438
47.654
37.455
34.987
47.604
48.01
35.13
35.097
47.581
47.524
35.245
35.078
47.714
47.66
35.34
35.321
47.689
47.849
35.233
35.361
47.762
47.799
35.575
35.576
47.846
47.859
35.705
35.679
48.166
47.889
35.85
35.773
47.709
47.906
36.092
35.782
47.908
48.036
35.94
35.918
47.804
48.048
36.1
36.06
47.901
47.814
36.099
36.084
48.027
47.986
36.184
36.18
48.06
48.209
36.345
36.288
48.197
47.923
36.435
36.415
48.157
48.304
