30.56
30.361
30.442
31.154
31.633
33.256
37.376
35.162
53.046
39.977
46.863
59.389
60.068
34.371
38.546
44.013
46.169
32.381
30.787
45.844
47.266
32.907
31.856
47.134
47.863
32.865
32.828
47.749
48.168
34.25
34.08
48.462
50.313
35.774
35.029
49.266
49.709
35.885
35.815
49.87
50.458
36.925
36.975
50.279
51.006
37.731
37.864
51.095
51.777
38.717
38.704
51.935
52.746
39.25
39.504
52.709
53.291
40.428
40.47
53.159
53.981
41.155
41.364
53.949
54.657
42.007
42.192
54.926
55.445
42.781
43.151
55.436
56.03
43.769
43.885
56.014
56.577
44.57
44.583
56.651
57.315
45.446
45.501
57.344
57.867
46.139
46.101
57.829
58.554
46.545
47.007
58.601
59.084
47.703
47.536
59.111
59.725
48.24
48.286
59.806
60.076
48.866
49.014
59.912
42.613
49.861
49.744
41.792
42.345
50.591
50.524
42.147
42.912
51.387
51.015
42.789
43.735
51.685
51.898
43.576
44.498
52.378
52.635
44.306
45.223
53.089
53.197
44.931
45.936
53.682
53.741
45.618
46.162
54.447
54.416
46.65
47.444
55.008
55.153
47.215
48.132
55.658
55.93
47.858
48.662
56.337
56.403
48.477
49.374
56.998
57.128
49.27
49.949
57.465
57.649
49.951
50.677
59.467
58.323
50.586
51.467
58.77
58.884
51.322
52.038
59.395
59.318
51.81
52.622
59.904
60.125
52.314
53.228
41.835
42.133
53.02
53.831
42.993
42.837
53.785
54.46
43.66
43.681
54.184
54.918
44.435
44.458
54.497
55.546
45.003
44.945
55.601
56.032
45.385
45.476
55.832
56.469
46.548
46.309
56.27
56.968
46.825
47.004
56.777
57.547
47.766
47.583
57.365
57.928
48.304
48.192
57.971
58.416
49.035
49.001
58.714
58.979
49.7
49.586
58.952
59.503
50.29
50.283
59.417
59.618
51.067
50.841
60.436
45.993
51.44
51.756
45.841
46.751
52.174
52.18
46.469
47.518
53.139
52.858
47.317
48.204
53.791
53.957
48.042
48.888
54.36
54.027
48.973
49.467
54.919
54.736
49.245
50.107
55.523
55.475
49.955
50.777
56.062
56.057
50.712
51.347
56.778
56.577
51.191
