30.598
30.452
30.589
30.88
36.882
32.294
32.019
31.839
89.995
90.223
93.733
85.742
66.766
66.391
66.185
65.925
98.568
98.599
98.658
98.04
50.595
50.479
67.269
66.891
51.016
50.729
67.021
66.944
50.524
50.406
66.81
66.976
50.747
50.487
66.686
66.779
50.388
50.345
66.896
66.785
50.725
50.622
67.304
67.163
51.033
50.683
66.963
67.15
50.935
50.901
67.235
67.217
50.602
50.696
66.832
67.07
50.86
50.559
67.297
67.314
51.09
50.932
67.291
67.277
51.241
51.181
67.193
67.419
51.218
51.275
67.511
67.085
51.232
51.175
67.203
67.28
51.256
50.991
67.626
67.491
51.343
51.094
67.678
67.757
51.382
51.466
67.724
67.748
51.412
51.448
67.69
67.537
51.539
51.325
67.947
67.862
51.639
51.252
67.939
67.603
51.648
51.458
67.899
67.711
51.629
51.248
67.488
67.831
51.799
51.536
67.976
68.231
51.755
51.557
68.172
67.966
51.903
51.728
67.914
67.861
51.883
51.713
68.007
68.185
52.026
51.854
68.172
68.395
52.011
51.758
68.145
67.998
52.144
52.031
67.961
68.138
52.092
51.93
52.952
56.43
52.347
52.039
51.259
51.156
52.343
52.219
51.334
51.203
52.418
52.055
51.334
51.244
52.532
52.195
51.486
51.539
52.635
52.328
51.569
51.381
52.562
52.448
51.568
51.261
52.672
52.515
51.687
51.456
52.757
52.409
51.795
51.561
52.727
52.443
51.738
51.724
52.952
52.829
51.879
51.759
52.956
52.689
51.715
52.102
53.006
52.657
51.801
51.94
53.736
52.877
52.021
52.027
53.26
52.897
51.925
51.985
53.205
52.943
51.807
52.074
53.358
53.065
52.132
52.306
53.302
53.219
52.362
52.309
53.501
53.271
52.404
52.282
53.613
53.413
52.511
52.366
53.602
53.498
52.609
52.48
53.789
53.424
52.784
52.557
53.871
53.596
52.768
52.653
53.788
53.656
52.788
52.636
53.874
53.668
53.003
52.94
54.067
53.804
52.993
52.831
54.119
53.924
53.022
52.842
54.091
53.751
53.226
53.048
54.325
54.031
53.209
53.158
54.353
54.038
53.029
53.127
54.303
54.15
53.354
53.226
