30.531
30.583
30.439
30.851
36.159
31.94
32.462
31.254
59.001
62.388
58.601
62.564
38.436
62.136
42.64
61.655
31.638
32.234
31.335
31.81
31.966
32.263
31.847
32.457
31.935
32.264
32.105
32.385
32.007
32.303
32.101
31.83
32.105
32.236
31.869
32.184
32.129
32.651
32.022
32.184
32.223
32.558
32.051
32.489
32.278
32.485
32.038
32.331
32.12
32.495
32.273
32.422
32.287
32.591
32.291
32.356
32.149
32.745
32.173
32.507
32.418
32.844
32.344
32.748
32.697
32.838
32.343
32.84
32.679
32.934
32.675
32.718
32.679
32.903
32.794
32.845
32.592
33.064
32.796
32.931
32.779
33.031
32.613
32.958
32.917
33.154
33.15
32.988
33.168
33.261
32.875
33.19
33.004
33.311
32.978
33.181
33.28
33.286
33.115
33.097
33.38
33.386
33.233
33.197
33.54
33.485
33.422
33.398
33.623
33.489
33.316
33.432
33.756
33.635
33.548
33.459
33.638
33.644
33.316
33.371
33.761
33.629
33.783
33.321
33.883
33.643
33.644
33.407
34.049
33.5
33.922
33.759
34.119
33.577
33.94
33.779
34.225
33.841
34.162
33.788
34.103
33.95
34.144
33.814
34.228
34.011
34.29
33.789
34.256
34.139
34.231
33.991
34.546
34.266
34.309
34.403
34.466
34.242
34.346
34.167
34.42
34.357
34.515
34.273
34.651
34.374
34.455
34.232
34.592
34.319
34.632
34.289
34.83
34.484
34.741
34.358
34.829
34.599
34.891
34.527
34.987
34.632
34.985
34.401
34.977
34.729
34.944
34.66
35.164
34.762
35.056
34.686
35.31
34.744
35.158
34.59
35.297
34.802
35.387
34.654
35.35
34.991
35.398
34.91
35.68
35.103
35.489
34.947
35.47
35.085
35.479
34.95
35.661
35.08
35.665
34.983
35.712
35.228
35.7
35.057
35.842
34.863
35.825
35.101
35.666
35.36
35.802
35.258
36.106
35.421
36.099
35.176
36.095
35.436
36.069
35.201
36.121
35.451
36.232
35.326
36.134
35.598
36.234
35.488
36.304
35.584
36.418
35.457
36.443
35.731
36.426
35.651
36.552
35.925
36.538
35.76
36.586
36.043
36.557
35.719
36.645
35.813
36.672
35.781
