30.457
30.44
30.424
30.408
30.506
30.951
30.64
31.044
30.222
30.305
30.288
30.282
30.172
30.215
30.244
30.239
66.541
63.439
64.649
63.213
101.419
103.06
100.029
101.8
99.445
81.765
100.16
100.417
83.666
82.849
72.231
74.101
106.935
101.732
87.562
87.714
96.133
90.896
95.935
50.683
102.144
102.406
95.935
50.683
88.303
80.343
80.658
80.164
105.563
99.414
100.019
99.323
43.291
97.844
40.358
75.85
100.31
97.663
56.736
57.166
100.938
102.954
76.247
48.798
44.05
33.366
39.623
31.649
100.481
98.943
63.938
63.889
101.015
102.366
86.165
64.003
42.35
38.284
37.897
34.697
95.294
95.719
73.539
73.707
101.699
100.277
100.254
100.092
35.872
36.284
40.928
41.094
70.403
70.661
62.756
62.582
98.767
99.186
51.973
52.115
101.911
101.727
60.122
71.943
41.984
45.026
30.785
30.611
63.018
63.54
40.112
40.376
99.723
100.33
53.354
53.678
102.47
101.554
30.912
65.771
40.74
40.776
36.352
36.883
71.385
71.585
58.275
58.673
99.687
98.838
83.045
83.517
101.731
103.035
100.309
101.788
60.593
66.571
63.18
74.275
67.494
67.788
68.37
68.73
99.309
99.558
100.58
100.632
102.283
100.993
103.125
101.156
50.426
51.037
39.383
39.976
77.375
77.575
65.164
65.708
101.956
101.488
81.135
80.981
102.427
103.667
96.445
99.356
47.722
47.521
36.287
36.623
72.993
72.986
58.534
59.435
100.206
100.321
80.806
81.572
102.072
101.781
100.309
101.786
38.018
38.245
38.79
39.871
71.296
71.386
66.417
66.996
97.918
98.005
99.149
99.948
101.245
100.277
102.063
100.77
89.497
87.156
81.062
59.739
56.346
55.769
55.457
56.283
88.803
88.51
86.695
87.458
101.417
103.734
102.636
101.366
99.123
101.674
103.527
101.005
40.951
40.708
45.197
45.521
81.105
80.492
75.104
76.312
101.103
99.91
102.775
102.057
96.087
101.819
103.06
100.433
70.917
70.382
88.813
89.677
101.288
100.483
100.608
99.131
70.954
63.529
87.51
88.334
58.911
58.528
67.153
67.614
90.504
89.852
99.82
100.715
101.208
103.77
101.927
100.724
