30.384
30.389
30.366
30.463
35.962
33.299
35.927
34.046
75.427
85.913
87.224
60.502
59.966
61.082
68.257
72.385
71.047
60.705
67.012
40.708
63.015
43.923
63.054
43.601
63.588
44.763
63.694
44.562
64.255
45.41
64.254
45.475
65.324
46.256
65.027
46.246
65.437
47.077
65.255
46.867
66.038
47.889
65.735
47.518
66.602
48.603
66.225
48.329
66.571
49.205
67.16
49.231
67.102
49.928
67.634
49.731
67.846
50.628
67.847
50.668
68.386
51.368
68.696
51.244
68.88
52.131
68.83
51.854
69.533
52.728
69.46
52.508
69.903
53.513
69.915
53.151
70.195
53.949
70.667
53.8
71.162
54.663
71.215
54.418
71.653
55.385
71.54
55.242
71.866
55.851
72.248
55.876
72.6
56.668
72.379
56.371
73.108
57.228
72.857
57.084
73.489
57.851
73.642
57.804
73.943
58.425
74.09
58.298
74.407
58.962
74.565
58.881
74.808
59.652
75.042
59.451
75.143
60.088
75.573
59.938
75.688
60.746
76.005
60.419
76.026
61.31
76.515
61.257
76.505
61.933
76.92
61.812
77.102
62.419
77.332
62.105
77.515
62.87
77.779
62.798
77.702
63.551
78.223
63.346
78.491
64.162
78.558
63.814
78.892
64.26
79.028
64.464
79.236
65.17
79.533
65.006
79.779
65.8
79.979
65.555
80.013
66.225
80.476
66.124
80.611
66.697
80.864
66.649
81.137
67.285
81.361
67.144
81.636
67.831
81.229
67.335
81.889
68.354
81.72
67.903
82.151
68.877
82.532
68.644
82.556
69.005
82.96
69.093
83.058
69.858
83.347
69.588
83.487
70.353
83.393
70.426
83.663
70.802
84.114
70.518
84.294
71.183
84.643
71.022
84.874
71.751
84.95
71.477
84.982
72.225
85.004
71.952
85.523
72.688
85.811
72.561
86.246
73.185
86.172
72.947
86.291
73.704
86.361
73.41
86.591
74.035
86.696
73.97
86.725
74.669
76.039
74.292
62.894
75.022
62.979
74.905
63.521
75.513
63.456
75.194
64.057
76.036
64.044
75.802
64.647
76.299
64.55
76.076
65.061
76.767
64.952
76.573
65.623
77.203
65.611
77.126
66.414
77.777
66.336
77.494
66.681
78.221
66.607
78.083
