31.021
30.41
30.603
30.555
31.373
32.187
32.772
35.848
86.817
93.167
88.059
76.669
66.196
78.229
102.005
82.797
76.462
99.997
91.573
99.179
81.537
77.836
83.696
78.587
68.64
78.077
68.686
77.869
68.73
77.962
68.831
77.95
68.845
77.997
68.894
78.1
69.044
77.845
69.044
78.054
69.053
77.855
68.748
78.006
68.912
77.87
68.947
77.801
69.137
77.981
68.85
78.031
68.897
78.035
69.127
78.037
69.16
77.99
68.843
78.117
69.202
79.028
69.036
77.993
69.329
77.821
69.043
78.003
69.313
77.964
69.15
78.974
69.12
77.944
69.037
77.917
69.099
78.074
69.272
79.377
69.282
78.015
69.212
78.081
69.299
77.982
69.283
78.045
69.254
78.072
69.263
78.256
69.258
78.069
69.235
78.007
69.279
77.918
69.17
78.067
69.369
78.012
69.417
78.06
69.355
77.929
69.473
78.152
69.336
78.022
69.47
78.108
69.316
77.977
69.288
78.083
69.392
78.072
69.269
77.95
69.687
77.995
69.523
78.311
69.391
77.975
69.62
78.094
69.681
78.031
69.621
77.993
69.693
78.042
69.496
77.96
69.659
78.036
69.657
79.305
69.602
77.955
69.432
78.95
69.852
66.903
69.65
68.882
69.951
67.054
69.805
67.309
70.016
66.976
69.939
67.22
70.107
67.064
69.845
67.105
70.023
66.897
69.869
67.144
70.182
67.096
69.955
67.262
70.22
67.044
69.863
67.044
70.369
67.009
70.134
67.206
70.313
66.934
70.015
67.02
70.244
67.027
70.187
68.81
70.478
66.991
70.206
67.163
70.088
66.902
70.091
67.263
70.533
66.911
70.211
70.163
70.665
67.014
70.446
67.274
70.806
67.062
70.689
67.21
70.951
67.041
70.557
67.103
71.044
67.061
70.84
67.148
71.004
67.01
70.93
67.07
70.991
67.133
71.022
69.067
71.186
67.015
71.051
67.222
71.187
67.037
71.33
67.056
71.304
67.013
71.281
67.179
71.532
67.024
71.563
67.547
71.632
67.045
71.65
67.199
71.661
66.952
71.676
67.101
71.897
67.041
71.881
67.257
72.13
66.991
71.874
67.194
72.159
67.058
72.142
67.075
72.371
67.029
72.009
67.291
