30.379
30.365
30.341
30.415
30.542
31.013
30.622
30.753
30.285
30.246
30.265
30.297
30.25
30.328
30.315
30.389
59.695
85.812
59.334
87.359
56.004
87.779
67.984
88.958
48.91
74.695
48.785
77.198
66.807
89.208
68.492
88.595
30.278
45.364
32.387
72.181
81.719
31.21
83.37
31.139
93.056
30.299
88.84
30.355
58.219
30.299
84.774
30.339
82.396
30.335
85.051
30.325
79.069
30.523
79.498
30.528
73.48
32.962
73.463
33.226
71.28
39.306
71.665
39.892
63.787
47.79
63.702
48.122
44.548
53.044
44.225
53.394
30.331
61.501
30.237
61.457
30.226
67.853
30.59
68.336
30.346
75.327
30.422
75.919
30.393
75.53
30.918
75.937
30.433
75.099
30.891
75.748
30.524
67.19
30.737
67.459
30.302
60.675
30.971
60.875
34.583
52.581
34.677
52.809
47.735
38.483
47.956
38.939
54.139
30.41
54.556
30.694
59.701
30.457
59.495
30.604
63.826
30.437
64.201
30.384
74.464
30.232
74.633
30.684
77.893
30.334
77.928
30.512
70.522
30.26
70.884
30.583
58.551
31.738
58.797
32.255
32.976
40.457
32.577
41.02
30.304
48.367
30.599
48.875
30.454
65.171
30.258
65.842
30.387
75.725
30.296
75.889
30.468
79.183
30.969
79.383
30.272
88.146
30.864
88.135
30.321
87.626
30.888
87.742
30.228
87.731
30.389
87.578
31.281
69.765
31.934
69.982
43.162
74.952
44.037
75.554
58.919
87.59
59.575
87.912
66.308
84.383
66.449
84.812
77.331
88.085
77.665
88.014
84.058
88.004
84.008
87.587
32.891
69.315
33.336
69.136
30.427
70.232
30.802
71.008
30.436
60.367
30.427
60.996
30.335
49.699
31.043
50.04
30.318
30.346
30.863
30.395
30.268
30.301
30.945
31.054
30.936
30.235
30.988
30.302
37.505
30.269
37.753
30.762
44.233
30.3
44.726
31.106
54.522
30.289
54.832
30.884
60.226
30.282
60.331
31.059
60.205
32.903
60.689
33.493
63.151
39.239
63.269
39.717
61.923
55.035
62.052
55.653
64.535
58.952
65.061
59.329
59.54
67.016
59.893
67.662
53.892
78.729
54.374
79.106
52.087
87.631
52.509
87.697
