30.396
30.411
30.423
30.356
30.693
30.599
30.898
30.632
30.279
30.254
30.3
30.283
30.221
30.274
30.221
30.197
58.626
59.266
59.247
58.967
61.69
64.054
63.054
62.2
55.994
30.152
30.161
58.917
62.347
30.17
30.17
61.948
63.29
30.244
30.191
62.101
56.964
30.178
30.218
61.46
62.044
30.173
30.193
60.217
55.683
30.183
30.202
55.516
54.86
30.23
30.375
54.951
61.967
30.296
30.317
67.172
61.102
35.398
35.521
61.588
64.05
39.569
39.723
61.536
59.919
40.385
40.122
61.431
62.661
45.915
46.168
61.537
60.996
48.457
49.026
60.961
69.06
50.754
50.751
64.48
58.012
51.198
50.892
57.69
59.981
44.339
44.65
59.97
51.004
47.832
47.902
50.797
30.326
40.94
40.997
30.288
30.318
30.182
30.255
30.332
30.282
30.17
30.19
30.284
30.313
30.286
30.279
30.237
30.274
30.236
30.225
30.284
30.397
30.249
30.303
30.342
30.231
30.213
30.223
30.339
30.289
30.277
30.3
30.298
36.919
32.87
32.36
37.531
48.522
45.577
45.602
49.51
60.541
55.333
55.52
61.844
60.385
60.677
60.999
60.661
64.739
61.211
63.902
60.681
67.96
57.021
57.39
62.592
67.032
61.161
61.025
61.286
60.186
63.037
63.248
58.56
39.192
42.473
42.536
39.904
30.24
30.175
30.222
30.432
30.281
30.149
30.205
30.376
30.251
30.24
30.23
30.292
30.303
30.209
30.248
31.004
30.276
30.186
30.218
30.803
30.526
30.303
30.239
31
33.12
30.291
30.311
33.381
42.107
35.126
34.819
42.702
47.3
46.197
45.915
47.805
53.402
52.923
52.437
53.822
59.759
60.853
60.361
60.642
51.835
61.248
61.012
51.83
56.56
65.726
64.943
56.341
46.402
61.171
70.223
45.771
30.482
61.635
60.426
30.373
30.259
60.786
60.882
30.353
30.29
52.734
52.58
30.525
30.268
30.611
30.477
30.246
30.22
30.237
30.261
30.478
30.267
30.152
30.29
30.622
30.27
30.21
30.294
30.819
30.305
30.201
30.239
30.539
35.234
30.254
30.239
35.664
48.19
30.306
30.227
48.718
55.011
30.906
30.488
55.404
