30.35
30.435
30.393
30.386
30.802
30.405
30.55
30.372
59.888
60.273
60.379
63.037
60.58
55.064
62.524
52.477
32.385
42.763
43.761
42.824
59.439
52.107
60.4
52.418
50.104
59.65
51.629
59.388
41.208
57.869
41.821
57.163
62.799
60.83
57.425
60.786
46.488
56.867
46.307
57.112
52.613
61.353
52.613
61.349
57.488
57.991
57.59
57.917
51.592
54.661
51.626
54.133
57.533
52.618
56.565
52.847
51.773
59.132
51.711
59.608
50.037
60.546
49.982
60.992
50.668
54.518
51.361
54.756
46.546
57.906
46.606
57.292
43.916
57.772
43.846
58.262
41.304
55.586
41.425
55.682
40.33
60.702
40.185
60.7
45.558
55.928
45.581
56.39
39.157
51.121
39.351
45.33
41.031
49.791
41.042
50.497
43.967
59.378
44.364
60.056
45.73
59.048
45.625
57.862
52.287
59.833
52.114
59.591
49.568
56.256
49.552
56.199
52.248
59.458
52.325
60.294
55.303
59.042
55.561
59.056
53.152
58.148
53.038
56.788
54.473
58.206
54.217
58.297
54.436
39.45
54.508
39.541
44.094
46.779
42.223
46.932
44.712
54.288
44.766
54.208
47.856
59.488
48.191
59.489
61.459
57.7
60.767
57.931
61.195
54.877
60.659
55.473
54.519
59.267
54.646
59.931
60.863
55.5
62.328
55.404
53.028
59.434
53.224
59.175
59.379
56.911
64.269
57.284
36.941
41.936
36.952
42.313
46.583
44.464
46.443
45.44
58.612
49.097
58.953
49.519
37.047
58.13
37.268
57.823
50.73
58.799
50.873
58.829
60.575
57.239
61.079
57.185
49.934
59.063
50.09
59.795
58.805
54.73
59.31
55.428
40.929
58.786
41.017
58.431
48.903
55.235
49.118
55.242
57.681
57.701
58.063
57.871
34.505
60.737
34.187
61.109
43.542
51.327
43.861
51.679
54.927
58.541
54.374
58.604
60.051
56.437
60.092
56.551
58.957
34.352
64.9
34.435
47.642
41.649
47.651
42.22
57.483
49.661
57.677
50.046
58.384
61.326
58.306
61.219
60.864
52.405
61.697
52.546
42.716
50.518
42.739
38.411
48.161
42.671
48.162
42.993
55.194
49.654
55.461
49.937
56.577
59.619
56.382
61.125
