30.404
30.315
30.352
30.415
30.186
33.053
33.233
30.27
61.69
55.716
51.557
61.309
58.486
59.412
60.557
58.378
45.574
32.23
32.304
45.801
51.062
51.541
51.476
51.117
57.778
32.169
32.386
58.56
61.677
46.943
46.853
62.571
49.061
49.822
49.829
49.19
60.079
58.209
58.143
60.451
57.496
60.876
61.209
57.871
52.861
53.339
53.44
52.837
59.633
59.454
60.833
60.077
33.036
37.761
37.638
33.163
45.389
43.183
43.383
44.886
43.849
57.958
57.85
43.645
46.413
35.023
34.867
46.049
48.567
51.674
51.606
48.676
51.151
60.442
60.367
50.941
57.855
49.824
49.538
57.4
55.061
57.508
57.574
54.809
51.707
31.508
31.518
51.969
55.151
38.246
38.015
54.623
54.13
45.59
45.646
53.815
59.255
56.337
55.984
58.827
53.702
61.293
61.238
53.667
36.538
49.551
51.109
37.385
39.949
58.127
58.187
39.542
41.98
58.216
57.632
41.85
51.828
59.117
58.484
51.396
57.064
59.73
60.623
56.771
52.73
40.797
40.763
52.755
60.375
55.089
55.476
60.127
44.275
59.833
58.965
43.858
55.543
59.854
59.513
55.036
56.181
61.376
61.312
56.352
39.959
54.809
55.017
39.926
46.512
61.443
63.929
46.636
52.997
39.756
39.833
52.565
62.514
50.789
50.554
62.314
36.165
58.68
58.566
35.819
45.191
37.243
36.714
44.687
58.513
50.245
50.506
58.168
53.076
58.455
58.264
52.762
62.873
42.507
31.032
63.294
48.508
43.204
43.696
48.69
53.393
57.787
57.312
53.617
55.993
56.634
43.981
55.857
41.09
53.348
53.461
41.667
48.495
60.768
64.052
48.137
48.233
51.307
51.288
48.317
55.145
64.893
38.258
55.032
61.268
40.086
40.89
61.142
52.096
49.329
49.247
51.826
61.251
56.798
56.681
60.662
38.053
63.355
58.17
37.532
44.048
46.717
47.304
43.479
48.537
59.508
60.217
48.704
51.381
34.306
34.735
51.342
60.364
47.791
48.387
59.962
55.23
61.016
61.337
55.397
52.631
38.662
39.053
52.63
53.343
58.314
58.588
53.641
52.644
61.547
61.304
52.748
54.61
37.566
37.749
54.539
