30.416
30.519
30.89
30.484
32
37.093
34.329
32.379
90.501
70.856
101.249
79.364
77.752
82.717
46.983
66.331
103.806
98.112
54.183
54.361
102.608
98.512
54.391
54.68
56.302
56.992
54.568
54.809
56.417
56.103
54.664
54.442
56.313
56.029
54.591
54.896
56.326
56.276
54.733
54.765
56.421
56.04
55.079
55.35
56.367
56.013
54.939
55.278
56.374
56.149
54.823
55.086
56.327
56.273
55.15
55.255
56.304
56.234
55.132
55.241
56.426
56.209
55.15
55.132
56.461
56.354
55.129
55.26
56.568
56.427
55.147
55.22
56.642
56.337
55.161
55.253
56.539
56.406
55.258
55.141
56.751
56.454
55.187
55.339
56.754
56.479
55.26
55.351
56.732
56.648
55.21
55.209
56.876
56.708
55.268
55.339
56.858
56.871
55.305
55.364
56.835
56.812
55.306
55.37
56.998
56.759
55.29
55.242
57.021
56.747
55.406
55.488
56.991
56.999
55.392
55.447
57.114
56.864
55.316
55.487
57.137
57.01
55.303
55.349
57.306
57.134
55.402
55.45
57.246
57.279
55.438
55.499
57.211
57.205
55.411
55.49
57.356
57.292
55.569
55.693
57.317
57.232
55.544
55.589
57.377
57.293
55.556
55.549
57.496
57.429
55.56
55.58
57.477
57.236
55.534
55.586
57.469
57.285
55.544
55.427
57.599
57.391
55.582
55.593
57.615
57.533
55.632
55.701
57.719
57.557
55.724
55.698
57.698
57.662
55.637
55.671
57.698
57.598
55.657
55.718
57.83
57.771
55.732
55.731
57.798
57.813
55.591
55.712
57.815
57.74
55.659
55.746
57.999
57.906
55.784
55.858
57.928
57.888
55.776
55.837
57.987
57.892
55.684
55.846
57.952
57.78
55.671
55.846
57.987
57.895
55.823
55.847
58.073
58.104
55.819
55.872
58.112
57.99
55.809
55.729
58.071
57.925
55.867
56.166
58.095
57.995
55.853
60.817
58.106
58.071
55.9
55.954
58.198
58.143
55.891
55.79
58.242
58.135
55.896
55.932
58.225
58.216
55.924
55.936
58.242
58.058
55.922
55.82
58.241
58.136
56.033
56.071
58.312
58.111
56.048
55.94
58.338
58.242
55.958
56.068
58.329
58.225
56.051
55.952
