30.365
30.379
30.416
30.393
30.627
30.738
30.385
30.374
30.265
30.319
30.382
30.31
30.347
30.233
30.323
30.358
83.688
32.633
31.161
88.307
99.492
54.342
43.793
101.269
91.209
40.121
43.793
100.628
98.211
59.999
54.109
99.26
96.02
67.741
63.71
101.65
98.577
30.249
63.71
101.65
45.422
30.31
37.137
46.732
102.147
30.348
30.468
102.067
99.539
30.348
30.468
102.155
95.446
30.318
30.468
102.155
51.99
30.202
30.606
60.121
102.311
30.209
30.678
99.902
100.115
30.219
30.306
97.515
96.928
30.821
30.306
100.409
89.641
37.953
37.809
99.163
102.363
43.464
46.09
101.909
94.377
43.464
30.578
90.113
88.527
65.809
64.388
92.902
99.731
100.645
99.008
101.287
59.746
30.859
83.57
64.878
35.584
36.799
36.678
35.478
30.147
48.58
48.792
30.187
30.253
70.379
70.263
30.242
30.275
97.858
97.989
30.265
30.188
100.307
100.664
30.215
30.291
42.522
38.06
30.256
30.653
77.137
77.923
30.716
38.754
100.396
100.332
38.768
49.56
102.179
101.625
38.592
41.675
41.647
41.555
41.648
70.354
73.975
74.188
70.25
100.166
100.333
103.345
100.225
100.494
103.112
100.669
101.993
70.291
69.205
69.252
69.981
99.83
98.578
99.743
99.406
101.622
103.924
101.499
101.522
31.668
32.274
32.984
39.774
62.049
64.378
64.68
61.445
95.742
88.72
89.543
96.108
103.226
104.142
101.498
101.475
60.392
33.254
35.356
64.942
85.89
65.273
65.611
85.647
101.804
96.644
97.345
102.397
100.637
104.387
100.214
101.231
71.796
55.635
56.623
72.344
101.393
91.439
92.777
100.64
101.026
100.24
99.647
102.506
66.335
48.481
49.998
66.021
99.911
84.628
85.439
100.437
101.049
104.189
103.358
101.298
58.734
44.573
45.781
58.715
96.422
88.545
89.59
95.456
99.916
102.254
101.051
100.964
65.946
102.082
66.326
31.73
49.502
30.16
30.174
49.241
71.032
30.269
30.176
71.096
85.477
30.21
30.144
85.336
101.211
30.177
30.204
101.012
96.725
30.177
30.183
85.603
72.343
30.269
30.295
72.403
87.846
30.213
30.294
87.51
101.768
34.944
35.047
102.962
