30.53
30.391
31.091
30.51
33.165
33.439
39.613
32.798
73.824
74.789
74.599
74.971
58.561
63.896
56.401
56.636
51.144
48.927
56.142
56.377
50.68
51.013
56.468
56.274
51.025
50.883
56.107
56.437
51.12
50.998
56.723
56.511
51.079
50.953
56.715
56.465
51.279
51.092
56.768
56.718
51.01
51.323
56.803
56.864
51.489
51.391
56.692
56.771
51.576
51.298
56.918
56.782
51.34
51.485
57.102
56.863
51.617
51.494
57.058
57.069
52.024
51.75
57.247
57.081
52.005
51.878
57.294
57.232
51.983
51.856
57.222
57.242
51.912
51.999
57.097
57.214
52.067
51.923
57.518
57.423
52.367
52.059
62.841
57.38
52.501
52.126
57.54
57.334
52.562
52.399
57.614
57.847
52.645
52.358
57.65
57.681
52.647
52.541
57.854
57.835
52.861
52.676
57.757
57.798
52.994
52.826
57.626
57.82
53.035
52.845
57.991
58.012
53.1
52.935
58.164
58.042
53.144
53.002
58.468
58.166
53.358
53.131
58.253
58.202
53.505
53.124
58.277
58.073
53.326
53.452
58.372
58.344
53.343
53.418
58.513
58.439
53.717
53.689
58.468
58.577
53.631
53.703
58.804
58.523
53.573
53.717
58.969
58.576
53.819
53.852
58.749
58.742
53.747
53.854
59.042
58.824
54.319
54.115
59.164
58.913
54.165
54.201
58.991
58.921
54.156
54.177
58.974
59.006
54.42
54.364
59.182
59.2
54.32
54.341
59.131
59.141
54.296
54.482
59.597
59.153
54.48
54.593
59.343
59.126
54.608
54.482
59.421
59.429
54.682
54.864
59.407
59.524
54.918
55.079
59.541
59.555
55.267
55.127
59.664
59.637
55.067
55.05
59.715
59.644
55.184
55.272
59.826
59.803
55.398
55.244
60.134
59.889
55.232
55.313
60.2
59.783
55.316
55.303
60.03
59.983
55.558
55.47
60.087
59.988
55.529
55.542
60.173
60.115
55.734
55.77
60.305
60.254
55.812
55.828
60.408
60.391
55.786
55.722
60.467
60.394
56.033
56.049
60.329
60.414
56.263
56.276
60.564
60.535
56.397
56.206
60.637
60.486
56.009
56.091
60.996
60.758
56.279
56.283
60.852
60.713
