30.482
30.91
30.524
30.394
35.698
31.906
32.987
33.922
58.344
46.731
59.549
52.043
59.173
37.592
43.173
50.568
48.401
30.744
31.188
48.396
48.544
30.965
31.171
48.504
48.572
31.016
31.359
48.485
49.071
31.162
31.428
48.719
48.93
31.374
31.571
48.746
50.316
31.589
31.76
48.859
49.043
31.651
31.779
49.001
49.085
31.712
32.018
49.128
49.193
31.67
32.031
49.103
49.331
31.945
32.263
49.21
49.301
32.097
32.248
49.279
50.36
32.062
32.443
49.475
49.496
32.07
32.56
49.312
49.281
32.414
32.643
49.428
49.947
32.704
32.804
49.642
49.74
32.59
32.894
49.627
49.805
32.946
33.124
49.784
50.599
33.064
33.345
49.833
50.04
33.043
33.24
50.045
50.653
33.329
33.558
50.064
50.136
33.442
33.676
50.072
50.197
33.708
33.965
50.202
50.403
33.547
34.049
50.236
50.464
33.761
34.015
50.456
50.482
34.02
34.232
50.414
50.637
33.859
34.173
50.651
50.723
34.124
34.454
50.645
50.604
34.154
34.541
50.67
50.717
34.329
34.569
50.803
50.866
34.675
34.874
50.972
51.021
34.691
34.827
51.092
51.101
34.879
35.078
51.074
51.272
34.835
35.072
51.311
51.38
35.011
35.164
51.3
51.481
35.11
35.385
51.423
52.305
35.225
35.439
51.26
51.608
35.469
35.674
51.69
52.593
35.494
35.728
51.656
51.61
35.625
35.788
51.646
51.922
35.855
36.026
51.916
51.839
35.861
36.052
51.828
53.027
36.099
36.271
52.012
52.973
36.077
36.294
52.045
52.304
36.201
36.438
52.287
52.252
36.461
36.671
52.298
52.436
36.449
36.654
52.442
52.291
36.631
36.752
52.416
52.577
36.768
37
52.57
52.685
36.853
37.018
52.604
53.586
37.052
37.286
52.639
52.826
36.929
37.251
52.705
52.774
37.035
37.378
52.871
52.893
37.384
37.634
52.885
53.049
37.264
37.608
52.853
53.07
37.778
37.861
53.001
53.295
37.677
37.982
53.268
53.197
37.789
38.009
53.318
53.414
38.043
38.218
53.231
53.385
38.128
38.329
53.477
53.819
38.06
38.378
53.525
53.62
38.399
38.592
53.6
54.837
38.409
38.64
53.767
