30.87
30.515
30.407
30.559
30.525
30.329
30.298
33.186
30.421
30.369
31.045
30.788
30.326
30.318
32.335
32.429
30.559
30.561
30.423
30.619
31.439
31.83
32.377
31.717
30.739
30.428
30.723
31.844
30.604
31.529
30.411
30.77
31.354
31.721
32.358
30.649
30.533
30.326
30.912
32.145
31.281
31.545
30.442
30.653
31.5
30.532
32.448
32.192
30.526
30.379
30.494
31.655
31.485
31.664
30.46
30.802
30.565
30.344
32.406
32.167
31.561
31.707
30.467
30.677
31.403
30.427
32.256
30.625
30.675
30.536
30.786
32.202
31.511
31.705
30.359
30.58
30.646
30.431
32.468
32.357
31.587
31.767
30.382
30.872
30.886
30.477
31.408
30.616
30.446
31.708
32.416
32.222
31.286
31.693
30.371
30.476
30.624
30.493
32.159
30.431
30.626
31.604
32.348
32.154
31.453
31.607
30.319
30.624
30.421
30.44
30.389
30.592
30.491
30.544
32.346
32.102
31.605
31.818
30.634
32.135
30.437
30.493
30.476
30.671
31.244
31.696
32.309
32.064
31.43
30.43
30.428
30.789
30.486
30.35
30.434
30.844
31.471
31.69
32.483
32.243
30.592
30.375
30.476
30.697
30.587
31.571
31.739
30.784
31.388
31.609
32.366
32.139
30.607
30.409
30.409
30.706
31.37
31.598
32.304
32.057
30.609
30.427
30.407
32.194
30.687
31.701
30.339
30.448
31.414
30.979
32.424
32.119
30.549
30.378
30.484
30.652
31.362
31.62
31.91
30.556
31.375
30.384
32.349
32.153
30.532
30.338
30.471
30.675
31.298
31.533
32.311
30.652
30.531
30.322
31.553
32.146
31.368
31.555
30.462
30.655
30.888
30.379
32.435
32.243
30.869
30.808
30.418
32.267
31.377
31.603
30.477
30.658
31.039
30.426
32.338
31.763
31.011
31.511
30.46
32.397
31.406
30.99
30.327
30.49
30.759
30.427
32.348
32.256
31.433
31.617
30.457
30.824
31.003
30.411
32.096
30.433
30.618
31.579
32.294
32.199
31.495
32.952
30.447
30.653
30.603
30.409
32.352
32.055
31.423
31.596
30.429
32.382
30.98
30.502
30.476
30.684
30.466
31.553
32.334
32.187
31.355
31.557
30.534
32.103
