30.969
30.372
30.464
30.737
31.807
33.036
36.494
33.192
91.954
97.563
75.497
94.921
68.274
100.798
78.53
100.838
94.925
91.958
99.464
98.195
50.988
56.302
55.582
50.703
50.792
50.155
49.983
50.715
50.955
49.966
50.236
50.738
50.935
50.047
50.167
50.649
51.166
50.032
50.168
50.927
51.012
50.211
50.548
51.079
51.008
50.166
50.199
50.987
50.773
50.262
50.569
50.781
51.039
50.601
50.793
51.158
50.916
50.533
50.836
51.183
50.991
50.537
50.644
51.168
51.202
50.588
50.792
51.235
51.085
50.672
50.771
51.434
51.033
50.711
51.171
51.374
51.411
51.152
50.964
51.544
51.385
51.055
50.88
51.654
51.536
50.951
51.069
51.589
51.79
51.178
51.232
52.312
51.86
51.241
51.316
51.755
51.67
51.197
51.284
51.918
51.825
51.467
51.322
52.137
51.831
51.415
51.313
51.997
51.793
51.277
51.462
52.014
52.087
51.892
51.575
52.221
51.83
51.982
51.713
52.284
52.17
51.413
51.496
52.183
52.298
51.886
51.963
52.506
52.183
52.515
52.189
52.465
52.268
51.942
51.846
52.558
52.318
52.037
51.941
52.675
52.577
52.102
52.175
52.698
52.436
52.151
52.224
52.77
52.507
52.433
52.233
52.698
52.671
52.258
52.175
53.012
52.722
52.385
52.455
52.974
52.809
52.562
52.352
53.086
52.957
52.381
52.315
53.165
52.907
52.858
52.699
53.236
53.015
52.873
52.607
53.303
53.108
52.86
52.542
53.34
53.229
52.786
52.706
53.46
53.302
52.878
52.753
53.635
53.416
52.876
52.947
53.563
53.377
52.773
52.919
53.591
53.475
53.124
53.109
53.853
53.691
53.113
53.052
53.877
53.57
53.099
53.044
53.827
53.845
53.224
53.283
53.989
53.725
53.328
53.116
54.221
54.039
53.366
53.403
54.065
53.955
53.289
53.449
54.195
54.05
53.589
53.606
54.331
54.012
53.608
53.411
54.339
54.193
53.725
53.732
54.484
54.314
53.679
53.756
54.42
54.447
53.843
53.877
54.568
54.354
53.935
54.012
54.554
54.539
53.988
54
54.668
54.471
53.829
53.951
54.71
54.635
54.209
54.029
54.589
