30.371
30.394
30.397
30.377
30.769
30.905
31.029
30.939
30.312
30.33
30.32
30.291
30.248
30.347
30.331
30.386
60.083
61.134
60.065
61.746
38.547
46.287
38.499
47.664
30.405
62.482
30.399
61.833
30.242
62.766
30.205
63.069
30.307
30.435
30.212
30.494
30.202
32.019
30.186
31.936
30.19
30.342
30.258
30.338
30.205
31.778
30.375
31.656
30.377
30.342
30.189
30.316
30.201
30.688
30.378
30.767
30.381
30.363
30.364
30.409
37.742
32.057
37.965
31.926
42.623
31.983
42.674
31.966
53.038
30.317
52.795
30.4
57.453
32.119
57.384
31.969
54.322
39.322
55.054
39.27
52.237
46.598
52.176
46.541
51.474
50.122
51.488
50.275
49.927
54.188
49.718
54.35
39.524
54.384
39.51
54.849
30.285
46.522
30.228
47.08
30.246
33.991
30.312
34.001
30.25
30.362
30.187
30.286
30.24
30.292
30.291
30.277
30.253
30.418
30.248
30.289
30.245
30.231
30.298
30.277
32.088
30.375
32.139
30.32
41.328
30.601
41.456
30.385
46.576
36.875
47.184
37.04
59.622
46.206
59.684
46.187
60.891
57.178
60.909
57.432
60.592
61.663
60.672
61.053
53.546
56.867
53.468
57.183
45.844
62.964
45.989
64.442
31.326
62.434
31.202
63.239
30.264
60.504
30.254
63.601
30.344
48.546
30.305
48.239
30.398
30.259
30.312
30.34
30.328
30.31
30.313
30.244
30.371
30.271
30.318
30.276
30.341
30.253
30.375
30.292
36.531
30.283
37.173
30.282
43.613
30.244
43.995
30.278
53.667
30.282
53.7
30.247
58.546
30.471
58.448
30.796
61.079
37.468
61.229
37.754
62.13
52.604
61.1
52.76
64.82
61.043
61.205
61.315
61.275
60.544
62.787
62.304
57.745
60.899
57.764
61.385
61.609
62.117
65.017
63.779
56.647
63.415
64.417
64.086
57.141
62.357
56.971
61.648
30.213
42.437
30.206
41.979
30.192
30.274
30.186
30.286
30.176
30.278
30.204
30.295
30.199
30.22
30.205
30.234
30.671
30.215
30.257
30.29
30.394
30.379
30.239
30.308
30.33
30.268
30.192
30.293
31.756
30.463
31.774
30.454
