30.325
30.367
30.374
30.378
30.439
30.456
30.576
30.47
86.421
94.117
92.82
93.377
100.326
100.501
100.438
100.495
97.91
92.853
93.857
92.657
39.618
39.371
37.121
36.933
45.772
45.561
42.554
42.609
50.679
50.498
50.739
50.702
60.866
59.164
61.484
61.525
62.318
62.111
66.32
66.213
62.954
62.871
63.49
63.381
64.725
64.767
64.274
64.32
62.51
62.313
62.342
62.109
60.441
60.206
65.345
65.337
61.583
61.417
62.717
62.294
63.348
63.425
59.52
59.549
65.993
66.373
59.186
59.279
62.117
61.998
60.009
59.809
60.909
60.588
62.259
62.049
61.664
61.803
62.883
62.735
60.834
61.074
61.343
61.757
63.042
62.907
63.531
64.129
60.815
61.419
63.53
63.757
60.466
61.085
60.225
60.43
61.115
61.589
61.666
61.932
62.462
62.774
62.127
62.321
61.433
61.45
65.388
65.545
60.142
60.131
63.528
63.947
61.101
60.965
60.294
60.853
62.805
63.435
61.224
61.85
60.863
60.999
61.193
61.718
58.742
58.727
62.659
62.662
58.473
58.404
63.075
63.398
61.639
61.813
60.844
61.233
65.684
66.015
62.38
62.429
62.885
63.044
62.305
62.909
62.086
62.542
61.692
61.605
63.798
64.089
62.626
62.881
65.136
65.532
61.929
62.311
64.091
63.9
64.718
65.118
61.614
62.075
63.985
64.293
61.216
61.773
60.224
60.525
63.668
64.114
61.477
61.886
62.462
62.742
61.475
62.003
61.689
61.477
65.01
65.109
61.187
61.379
65.583
65.69
61.799
62.186
61.286
61.833
64.439
64.94
60.982
61.516
60.315
60.74
61.824
62.611
59.542
59.632
62.006
61.961
59.202
59.258
63.524
63.941
64.168
63.89
62.061
62.414
64.259
64.196
63.814
64.154
62.002
61.963
63.332
63.973
60.479
60.421
60.934
61.293
62.65
62.889
60.116
60.406
61.369
60.992
61.298
61.899
59.072
58.872
65.474
65.738
60.473
60.491
66.044
66.555
62.79
63.032
62.299
62.603
65.713
65.985
63.1
63.302
62.432
62.376
61.501
62.059
61.491
61.415
61.522
61.394
61.769
61.692
63.331
63.499
62.209
62.144
61.363
61.885
