30.377
30.353
30.414
30.4
30.65
30.618
30.675
30.908
30.312
30.309
30.302
30.288
30.362
30.306
30.183
30.219
60.026
59.83
53.116
53.258
75.501
74.847
75.466
75.572
75.445
75.208
75.509
74.331
73.759
66.045
30.23
71.142
78.293
76.451
30.183
30.188
77.355
75.916
30.243
30.195
56.976
56.901
30.2
30.179
76.817
77.048
30.211
30.196
77.698
78.382
30.188
30.219
33.969
54.755
30.298
30.169
73.072
72.714
30.291
30.342
77.914
77.174
33.724
33.96
33.69
37.413
31.614
30.952
60.082
60.116
49.481
49.564
77.491
75.49
55.912
56.308
67.59
77.885
64.212
30.732
45.496
45.553
33.5
33.725
60.061
60.105
44.374
44.335
58.997
58.921
53.844
54.062
57.761
57.475
64.77
64.78
61.234
60.976
72.562
72.667
61.278
61.353
75.344
76.06
55.5
55.602
75.387
78.502
30.192
30.218
72.987
72.535
30.161
30.239
72.059
72.018
30.165
30.256
76.237
73.883
30.196
30.241
78.661
76.529
30.196
30.22
77.025
76.852
30.156
30.21
78.902
74.339
30.181
30.18
67.49
67.559
30.324
30.274
54.783
54.332
31.343
31.274
31.573
31.044
45.295
44.743
30.199
30.198
53.817
53.564
30.195
30.181
70.394
69.834
30.211
30.197
77.005
75.727
30.205
30.171
75.886
79.729
30.205
30.233
68.328
67.687
30.246
30.291
75.402
75.587
31.488
31.547
75.637
75.591
37.83
37.774
75.727
79.15
53.694
53.867
72.283
66.363
34.153
34.858
61.283
60.731
42.332
42.535
78.756
75.588
43.421
43.266
77.44
78.355
30.669
30.851
57.198
57.209
30.193
30.212
49.2
48.994
30.327
30.266
30.302
30.245
32.11
32.152
30.168
30.199
30.261
30.294
30.271
30.197
30.188
30.185
30.259
30.212
30.207
30.58
30.267
30.282
30.255
30.497
30.269
30.233
30.239
30.358
30.295
30.306
30.369
30.415
31.191
30.76
35.361
35.506
36.793
36.052
46.567
46.579
49.369
48.788
55.631
55.952
58.356
57.771
60.612
60.866
66.147
65.456
69.163
69.891
72.488
71.78
75.171
75.265
73.851
73.337
72.167
71.882
69.753
68.906
70.532
70.79
