30.399
30.384
30.465
30.416
30.432
30.25
30.345
30.333
58.285
58.717
60.868
60.017
60.026
59.276
55.662
55.833
47.217
47.893
59.346
60.984
63.169
50.144
55.401
58.91
37.07
37.261
61.092
61.043
44.949
44.887
62.19
64.53
58.074
58.17
59.539
59.265
60.871
61.82
48.451
49.172
50.155
50.237
41.998
43.532
60.089
60.053
62.564
61.022
57.117
57.331
60.52
59.746
35.033
37.507
46.363
46.149
37.978
37.872
59.17
59.139
44.736
44.499
32.869
32.652
52.471
52.361
40.412
40.561
60.309
60.084
48.566
48.708
61.176
61.147
59.716
59.631
60.338
60.184
48.369
48.105
32.896
32.779
53.483
53.619
42.051
41.686
65.415
64.872
49.12
49.283
40.239
40.475
57.987
57.708
49.451
49.681
60.454
61.384
59.015
59.282
56.284
56.271
35.45
36.107
61.518
61.287
45.259
45.218
45.505
45.272
56.759
56.617
54.283
54
59.387
59.118
60.251
61.201
58.327
58.141
58.393
58.306
61.321
61.304
61.872
61.037
63.874
60.202
33.565
33.534
42.894
42.872
47.21
46.503
50.518
50.683
55.134
55.052
60.532
60.381
54.421
59.371
59.729
59.599
61.08
60.068
38.013
38.041
47.036
46.9
46.453
46.506
59.445
59.216
54.728
54.818
65.076
56.277
33.274
35.292
41.284
41.357
36.331
36.152
53.757
53.629
44.043
44.19
44.874
43.743
59.793
59.931
56.337
56.321
40.453
40.754
61.33
61.892
56.802
56.67
55.993
55.96
61.3
62.273
61.221
61.234
42.554
42.629
55.743
55.85
54.763
54.835
60.205
60.86
60.552
60.006
54.543
54.593
39.835
40.021
48.361
39.822
52.645
52.861
35.519
35.56
47.88
48.216
43.944
43.795
60.618
61.209
60.21
60.083
50.057
50.193
59.966
60.169
61.165
62.173
44.213
44.266
55.784
55.869
55.109
55.529
43.549
43.856
49.91
49.733
53.82
54.279
57.613
57.409
55.292
55.298
32.97
32.969
60.953
62.521
44.805
44.8
48.48
48.684
57.596
56.949
53.805
53.895
49.135
48.331
58.828
58.806
61.486
61.046
30.569
30.627
44.544
43.911
40.981
40.497
58.145
57.861
33.671
33.702
