30.819
30.704
30.566
30.437
32.323
33.723
36.011
31.894
65.689
63.304
57.264
64.184
61.026
53.601
51.802
62.595
32.309
31.996
46.328
46.101
33.159
33.199
47.033
47.13
34.244
34.32
47.794
47.884
35.459
35.351
48.09
48.64
36.124
36.229
49.237
49.374
37.282
37.179
49.932
50.018
37.991
38.142
50.744
50.758
39.212
39.096
51.393
51.402
40.042
40.071
52.013
51.906
40.737
40.982
52.691
52.634
41.737
41.852
53.518
53.394
42.3
42.529
53.98
53.796
43.261
43.318
54.538
54.757
43.86
44.064
55.354
55.025
44.808
44.979
56.017
55.912
45.582
45.854
56.605
56.663
46.282
46.479
57.301
57.201
47.01
47.311
57.819
57.901
47.678
47.991
58.429
58.399
48.495
48.712
59.003
59.043
49.136
49.3
59.655
59.465
49.632
50.114
61.146
60.235
50.358
50.678
60.873
60.575
51.184
51.373
61.366
61.303
51.85
51.937
61.988
61.799
52.45
52.623
50.563
47.747
53.204
53.239
44.024
43.949
53.674
54.052
44.947
44.898
54.407
54.766
45.242
45.724
55.276
55.157
46.037
46.324
55.806
55.737
46.925
47.024
56.466
56.515
47.665
47.827
57.168
57.322
48.321
48.699
57.849
57.95
49.02
49.34
58.4
58.536
49.706
50.036
59.12
59.191
50.395
50.627
59.677
59.815
51.204
51.371
60.328
60.35
51.906
51.894
60.959
60.993
52.809
52.696
61.574
61.508
53.068
53.33
61.791
62.075
53.687
53.937
62.343
63.239
54.498
54.706
31.159
31.43
55.021
55.06
32.289
32.43
55.72
55.739
33.306
33.54
56.291
56.433
34.41
34.451
57.135
56.902
35.31
35.418
57.418
57.57
36.223
36.367
58.334
58.269
36.885
37.303
58.806
58.997
38.005
38.187
59.205
59.31
38.945
39.02
59.865
60.168
39.689
40.02
60.387
60.827
40.716
41.026
61.203
61.414
41.543
41.569
61.878
61.886
42.154
42.369
61.713
62.708
42.723
42.792
45.464
45.616
43.659
43.775
46.575
46.565
44.607
44.596
47.265
47.353
45.219
45.306
47.817
47.948
45.897
46.152
48.873
48.844
46.79
46.941
49.647
49.35
33.959
33.804
49.937
50.204
