30.706
30.377
30.956
30.549
32.019
33.046
32.122
37.151
75.145
76.895
74.753
76.184
69.477
59.378
69.585
59.181
46.71
45.653
38.384
44.736
38.217
38.931
38.271
38.96
38.979
39.502
39.092
40.003
39.881
40.898
40.239
40.837
40.827
41.453
40.617
41.664
41.555
42.458
41.386
42.457
43.178
43.133
42.052
43.197
30.426
43.759
30.85
44.036
31.299
45.024
31.394
44.475
32.036
45.494
32.343
45.141
32.942
46.194
33.199
46.243
33.908
46.816
33.838
46.827
34.969
48.065
35.195
47.784
35.734
48.209
36.146
48.349
37.074
48.619
36.99
49.045
37.946
49.681
38.004
49.805
38.75
50.437
38.951
50.451
39.318
50.932
39.559
51.211
40.385
51.795
40.436
51.81
41.22
52.021
41.315
52.013
42.02
52.78
42.011
52.686
42.954
53.539
42.889
53.444
43.666
54.502
43.838
54.062
44.648
54.493
44.631
54.428
45.407
55.21
45.434
55.269
46.153
55.694
46.204
55.876
46.638
56.313
46.91
56.512
47.451
56.877
47.517
57.073
48.171
57.427
48.334
57.644
48.775
57.864
48.966
57.865
49.485
58.957
49.77
58.732
50.324
59.018
50.371
58.964
50.875
59.602
51.117
59.944
51.813
60.25
51.925
60.228
52.339
60.732
52.494
60.873
53.207
61.449
52.88
61.329
54.005
61.906
53.642
61.964
54.324
62.463
54.297
62.575
54.864
63.138
55.093
63.074
55.782
63.728
55.678
63.585
56.231
64.112
56.19
64.377
56.686
64.68
56.836
64.799
57.344
65.236
57.462
65.298
57.88
65.608
57.986
65.644
58.556
66.204
58.489
66.527
59.205
66.647
59.277
66.776
59.362
67.109
59.777
67.26
60.221
67.649
60.657
67.903
60.909
68.351
60.9
68.181
61.546
68.423
61.832
68.743
62.122
69.209
62.334
69.186
62.49
69.634
62.538
69.593
63.133
70.157
62.939
70.2
63.708
70.402
63.785
70.742
64.426
71.07
63.942
71.253
64.689
71.616
64.794
71.83
65.727
71.883
65.473
71.834
51.292
73.141
50.308
72.572
50.655
73.093
50.57
73.221
51.352
73.573
51.695
73.703
52.17
74.154
52.287
74.041
52.869
74.375
53.124
74.481
