30.95
30.42
30.574
30.425
36.845
32.079
37.652
32.327
59.55
62.099
50.882
52.463
44.468
61.446
45.566
59.79
46.763
46.835
31.374
31.307
46.944
47.317
31.409
31.314
47
47.263
31.414
31.438
47.209
47.097
31.646
31.769
47.253
47.23
31.479
31.699
47.34
47.362
31.88
31.864
47.509
47.363
31.915
31.977
47.625
47.393
31.844
32.041
47.643
47.405
32.102
32.175
47.637
47.545
32.125
32.233
47.882
47.901
32.335
32.505
47.909
47.825
32.271
32.673
48.088
48.489
32.503
32.586
48.074
48.129
32.584
32.713
48.146
48.291
32.652
32.605
48.358
48.412
32.886
33.184
48.424
48.407
32.756
32.974
48.686
48.545
33.023
33.163
48.657
48.552
33.197
33.178
48.799
48.738
33.251
33.32
48.887
48.639
33.397
33.425
48.776
48.876
33.479
33.446
49.153
49.272
33.655
33.576
49.121
49.035
33.596
33.615
49.335
49.32
33.772
33.788
49.288
49.36
33.815
33.805
49.135
49.405
33.988
33.951
49.596
49.566
34.047
34.125
49.641
49.443
34.236
34.318
49.856
49.83
34.089
34.257
49.888
49.745
34.439
34.45
49.952
49.941
34.481
34.532
50.071
50.052
34.693
34.58
50.078
49.952
34.71
34.818
50.312
50.231
34.729
34.753
50.315
50.272
34.946
35.051
50.43
50.426
34.823
35.034
50.466
50.455
35.188
35.28
50.265
50.453
35.081
35.257
50.763
50.691
35.329
35.379
50.815
50.721
35.32
35.587
51.058
50.799
35.549
35.557
50.876
50.979
35.644
35.786
51.142
51.162
35.632
35.84
51.333
51.129
35.806
35.868
51.347
51.281
36.053
36.031
51.409
51.257
35.964
36.121
51.548
51.321
36.244
38.483
51.661
51.632
36.306
36.188
51.8
51.566
36.219
36.361
51.899
51.844
36.392
36.577
51.982
51.717
36.523
36.597
52.015
51.898
36.689
36.679
52.188
52.153
36.672
36.842
52.16
51.957
36.873
36.941
52.376
52.302
36.837
36.969
52.396
52.323
37.006
37.019
52.306
52.438
37.111
37.223
52.598
52.507
37.271
37.305
52.638
53.775
37.373
37.395
52.78
52.71
37.415
37.325
