30.713
30.791
30.54
30.416
30.2
30.995
35.517
30.3
31.527
30.473
30.215
30.341
30.615
30.411
32.511
32.687
30.54
30.785
30.484
30.42
30.794
30.79
30.313
32.138
30.59
30.472
32.662
30.557
30.623
30.477
30.383
30.516
31.681
31.06
30.772
32.041
30.463
30.354
32.642
30.53
31.715
31.714
30.286
30.789
30.462
31.193
31.98
32.15
30.521
30.639
32.028
31.04
31.607
31.357
30.425
32.02
30.488
31.019
32.526
31.629
31.594
31.409
30.418
30.454
30.403
30.606
30.404
32.018
31.532
30.654
32.79
31.02
32.546
31.378
30.427
30.539
30.328
30.944
31.868
32.053
31.665
31.794
32.461
30.698
30.524
30.665
30.41
31.964
31.654
31.265
32.624
31.813
30.421
31.105
30.427
30.758
30.739
30.907
30.283
32.091
31.572
31.329
32.582
30.952
30.518
30.458
30.364
30.551
31.564
31.375
31.351
31.985
30.415
30.561
32.643
31.024
31.42
30.657
30.343
31.961
30.943
31.335
32.704
32.664
30.474
30.403
30.425
31.09
31.632
31.462
30.305
32.003
30.38
30.496
32.568
30.854
31.612
31.572
30.382
30.492
30.399
30.94
31.148
32.05
30.627
30.58
32.425
30.98
31.689
31.289
30.348
31.968
30.366
30.545
32.596
32.478
31.532
31.443
30.676
30.686
30.479
30.607
30.483
31.784
31.537
30.5
32.626
31.78
31.571
31.727
31.043
31.046
30.433
30.693
30.341
31.917
31.547
31.12
32.539
31.238
30.493
31.349
30.58
30.78
30.55
30.571
30.327
31.835
31.559
31.371
32.551
30.798
30.461
30.992
30.43
30.63
31.753
31.695
30.658
31.903
30.573
30.806
32.465
30.74
30.607
30.72
30.363
30.516
31.66
31.226
31.692
31.84
30.416
30.585
32.559
31.096
31.523
31.49
30.513
31.81
30.356
30.706
32.689
32.233
30.412
30.665
31.246
30.739
31.547
31.324
30.362
31.785
30.4
30.591
32.629
31.346
31.655
31.558
30.518
30.907
30.47
31.388
30.484
31.716
30.278
30.437
32.724
31.157
31.641
31.454
30.446
30.669
30.437
30.613
30.389
30.981
31.576
30.662
32.701
34.473
30.713
31.431
30.392
31.834
