30.921
30.494
30.73
30.397
31.572
35.899
32.968
33.052
86.163
77.833
85.822
87.649
75.145
68.498
89.678
72.406
59.319
44.918
59.376
54.069
59.738
43.794
59.679
44.034
59.493
44.246
59.565
43.95
59.693
44.183
59.727
44.003
59.476
44.114
59.499
43.999
59.807
44.061
59.835
44.311
60.003
44.375
59.768
44.16
59.712
44.553
59.686
44.366
59.928
44.579
59.948
44.417
60.054
44.724
59.949
44.578
60.259
44.807
60.269
44.58
59.939
44.809
60.014
44.647
60
44.799
59.997
44.9
60.136
44.809
60.162
45.099
60.272
44.842
60.237
45.062
60.403
45.072
60.212
44.931
60.281
45.035
60.453
45.015
60.444
45.41
60.452
45.259
60.747
45.12
60.581
45.327
60.55
45.542
60.545
45.306
60.701
45.287
60.509
45.292
60.626
45.404
60.643
45.378
60.758
45.597
60.556
45.674
60.972
45.885
60.738
45.885
60.74
45.906
60.816
45.912
61.112
46.127
60.694
45.975
61.064
46.147
60.899
45.982
61.218
46.135
60.95
45.884
60.969
46.366
61.019
46.088
61.324
46.396
61.141
46.041
61.132
46.132
61.128
46.196
61.461
46.374
61.266
46.26
61.19
46.623
61.3
46.339
61.293
46.719
61.335
46.471
61.319
46.642
61.329
46.653
61.458
46.504
61.511
46.66
61.494
46.996
61.512
46.746
61.641
46.874
62.177
46.85
61.631
47.077
61.459
46.748
61.509
47.024
61.621
46.921
61.714
46.853
61.735
47.135
61.726
47.291
61.678
47.158
61.743
47.485
61.788
47.104
61.954
47.55
61.973
49.269
61.967
47.357
61.884
48.822
61.985
47.326
61.897
47.348
61.958
47.413
62.01
47.405
62.24
47.812
62.081
47.531
62.186
47.843
62.091
47.529
62.078
47.919
62.21
47.656
62.255
48.071
62.389
47.866
62.425
48.181
62.504
47.945
62.453
48.203
62.485
48.016
62.422
48.362
62.379
48.092
62.519
48.433
62.479
48.135
62.839
48.433
62.739
48.307
62.693
48.569
62.629
48.271
62.94
48.635
62.734
48.456
62.848
48.673
62.722
48.379
62.958
48.792
62.829
48.532
62.781
48.9
62.907
48.509
62.933
48.885
62.904
48.65
