30.518
30.445
30.611
30.843
36.814
34.049
32.363
36.3
54.776
39.147
39.44
40.42
46.151
37.362
36.586
36.371
46.281
46.246
30.356
30.398
46.384
46.282
30.292
30.285
46.369
46.344
30.523
30.292
46.654
46.394
30.543
30.425
46.358
46.605
30.539
30.302
46.389
46.423
30.602
30.612
46.597
46.618
30.58
30.697
46.591
46.654
30.808
31.466
46.738
46.876
30.846
31.015
46.891
46.908
31.204
31.147
47.04
47.123
31.051
31.155
47.246
46.88
31.57
31.394
47.107
47.264
31.804
31.615
47.083
47.319
31.836
31.475
47.271
47.252
32.054
31.703
47.531
47.499
32.196
31.996
47.429
47.537
32.14
31.969
47.4
47.687
32.474
32.378
47.521
47.668
32.537
32.331
47.758
47.949
32.701
32.417
48.063
47.968
32.517
32.554
47.9
47.932
32.639
32.71
47.964
47.751
32.766
32.749
48.122
48.122
32.999
32.866
48.227
48.256
33.071
33.068
48.139
48.31
33.164
33.144
48.396
48.357
33.273
33.166
48.388
48.512
33.385
33.408
48.393
48.461
33.609
33.536
48.62
48.633
33.884
33.706
48.606
48.424
33.966
33.796
48.82
48.863
34.07
33.804
48.812
48.864
33.965
35.77
48.861
48.991
34.245
34.243
48.93
48.976
34.446
34.279
49.077
48.861
34.363
34.365
49.007
49.242
34.648
34.502
49.163
49.277
34.579
34.63
49.31
49.353
34.707
34.747
49.49
49.492
34.769
34.839
49.458
49.616
34.923
34.944
49.555
49.616
35.079
35.148
49.695
49.784
35.207
35.224
49.84
49.816
35.319
35.369
49.961
49.956
35.293
35.325
49.978
49.979
35.453
35.617
49.842
50.082
35.445
35.62
50.157
50.844
35.464
35.67
32.436
32.96
35.876
35.947
32.727
32.988
35.936
35.973
32.668
33.096
36.033
36.067
32.803
33.07
36.163
36.213
33.148
33.315
36.264
36.193
33.451
33.308
36.444
36.35
33.315
33.348
36.532
36.523
33.623
33.627
36.52
36.547
33.38
33.56
36.657
36.606
33.852
33.733
36.779
36.817
33.656
33.818
36.845
36.932
34.027
33.948
36.921
36.756
34.045
34.029
37.109
37.165
33.981
34.118
37.016
37.175
