30.381
30.406
30.379
30.407
30.385
30.673
30.699
30.213
74.977
75.708
74.634
75.515
65.15
74.785
74.738
75.468
60.85
73.186
73.973
59.558
74.322
73.83
74.037
74.66
54.574
56.681
56.56
54.877
75.313
68.643
65.043
75.476
52.084
53.007
53.005
52.512
75.029
59.452
59.416
75.221
64.832
61.081
61.138
64.623
63.912
62.338
62.259
63.704
65.512
66.778
66.752
65.579
60.077
65.382
65.375
59.929
63.347
66.632
66.564
63.227
59.799
65.377
65.321
59.772
59.792
61.66
61.614
59.748
64.447
62.916
63.069
64.777
61.471
60.54
60.65
61.595
62.771
59.684
59.827
62.428
63.165
60.412
60.362
63.143
60.16
60.12
60.18
59.94
64.259
63.777
63.597
64.25
61.525
60.902
60.802
61.57
60.792
59.845
59.717
60.353
62.035
58.713
58.648
62.047
60.137
58.935
58.971
60.243
65.757
63.397
63.061
65.905
60.72
60.65
60.714
60.942
60.03
59.958
60.101
59.962
62.683
60.266
60.275
62.94
59.091
61.749
62.275
59.136
64.842
64.284
63.879
64.669
59.556
63.185
63.362
59.581
58.57
63.084
63.143
58.521
60.979
62.628
62.668
61.168
59.297
63.062
63.568
59.272
64.59
62.398
62.025
63.997
59.929
59.79
59.92
60.102
58.634
60.365
60.253
58.646
59.688
62.586
62.693
59.92
57.32
64.558
64.965
57.378
57.65
63.457
63.253
57.44
55.981
60.868
60.819
55.92
56.739
60.939
61.114
56.768
60.519
61.633
61.478
60.915
58.43
63.58
63.988
58.427
58.699
60.268
60.279
58.587
58.104
61.195
60.975
58.268
56.891
62.039
62.035
56.834
61.45
63.375
63.161
62.234
55.914
64.441
64.729
55.783
54.902
60.644
60.708
54.831
54.052
59.166
59.244
54.191
53.092
60.817
60.641
53.067
59.386
64.262
63.874
59.178
52.943
63.62
63.764
53.336
52.537
61.561
61.459
52.595
53.08
61.899
61.898
53.457
52.948
60.525
60.752
53.162
55.601
62.109
61.289
54.965
51.708
59.993
60.091
51.738
52.025
59.93
59.962
52.062
53.673
60.635
60.775
54.679
52.09
61.791
61.728
52.22
