30.408
30.465
30.864
30.616
32.134
36.667
31.528
32.133
87.965
89.837
88.308
90.57
111.375
90.117
96.229
87.077
102.161
103.825
101.057
100.852
94.468
96.911
111.696
108.342
55.927
56.113
73.865
74.368
55.881
55.819
74.537
74.386
55.905
55.896
74.586
74.343
56.123
55.801
74.384
74.688
55.876
55.998
74.785
74.87
56.075
56.011
74.742
74.861
56.37
56.101
74.649
74.803
56.172
55.998
74.831
74.726
56.242
56.246
74.829
74.542
56.774
56.454
74.942
74.68
56.298
56.382
74.927
74.7
56.329
56.283
75.074
75.222
56.427
56.475
75.094
75.239
56.633
56.465
75.147
75.21
56.639
56.639
75.31
75.218
56.882
56.58
75.231
75.412
56.607
56.622
75.24
75.335
56.829
56.822
75.429
74.946
56.924
56.983
75.525
75.535
56.88
56.976
75.386
75.215
56.77
57.199
75.286
75.612
57.009
56.939
75.317
75.656
56.998
56.928
75.526
75.697
57.039
57.269
75.511
75.673
57.11
57.004
75.848
75.799
57.246
57.161
75.506
75.71
57.229
57.229
75.853
75.932
57.276
57.324
75.719
75.931
57.347
57.335
75.829
75.797
57.597
57.364
75.687
76.049
57.343
57.341
75.978
76.157
57.227
57.204
75.943
76.173
57.536
57.585
76.077
76.271
57.655
57.918
76.01
76.111
57.59
57.447
76.106
76.055
57.477
57.62
76.153
76.029
57.831
57.758
76.308
76.252
57.795
57.734
76.267
76.269
57.939
58.001
76.281
76.294
57.869
57.856
76.157
76.313
58.015
58.102
76.587
76.608
58.124
58.103
76.478
76.465
58.09
58.247
76.418
76.379
58.13
58.102
76.481
76.513
58.289
58.09
76.564
76.67
58.16
57.967
76.917
76.842
58.253
58.09
77.03
76.789
58.332
58.379
77.04
77.025
58.321
58.534
76.929
76.944
58.379
58.648
76.814
77.005
58.504
58.611
76.992
76.974
58.581
58.7
77.243
77.022
58.745
58.74
76.989
76.96
58.561
58.644
77.152
76.995
58.719
58.663
77.101
76.988
58.848
58.968
77.145
77.111
58.884
58.965
77.368
77.225
58.755
58.923
77.51
77.504
58.89
59.095
77.365
77.264
59.094
59.213
77.373
77.369
