30.912
30.393
30.503
30.74
32.319
31.337
36.486
33.054
86.371
88.373
88.05
93.313
106.96
97.182
82.215
91.116
108.371
97.256
98.473
111.446
89.829
97.779
100.084
85.924
77.96
79.983
80.713
78.066
78.91
80.696
80.827
78.676
79.402
81.244
82.351
79.177
79.864
81.678
83.007
79.729
80.3
82.104
82.23
80.106
80.773
82.275
82.207
80.629
81.302
82.835
82.747
81.093
81.646
83.488
83.436
81.285
82.078
83.912
83.542
82.063
82.544
84.277
84.093
82.392
83.051
84.855
85.046
82.693
83.341
84.882
85.026
83.433
83.593
85.377
85.285
83.715
84.22
86.062
85.756
84.148
84.316
86.567
86.215
84.331
84.806
86.955
86.543
84.716
85.437
87.264
87.272
85.239
85.942
87.772
87.479
85.742
86.156
87.987
87.822
85.973
86.239
88.459
88.453
86.435
86.636
88.853
88.69
86.872
87.315
88.883
89.198
87.121
87.442
89.705
89.66
87.502
87.917
89.977
89.887
87.923
88.526
90.278
90.02
88.34
88.794
90.801
90.479
88.54
89.14
91.242
91.129
88.812
89.463
91.387
91.288
89.432
89.852
92.248
91.884
89.621
90.211
92.261
92.115
90.098
90.489
92.848
92.628
90.654
90.774
92.974
92.983
91.015
91.688
93.382
93.21
91.941
91.693
93.644
93.573
91.698
92.021
94.187
94.128
92.191
92.451
94.807
94.54
92.62
92.843
94.83
94.961
93.002
93.314
95.344
95.501
93.378
93.696
95.583
95.712
93.623
94.033
96.13
96.051
94.174
94.67
96.308
96.321
94.348
94.748
96.728
96.735
94.532
95.384
97.063
97.389
95.226
95.382
97.552
97.524
95.521
96.128
97.87
97.968
95.849
96.462
98.503
98.349
96.237
96.7
98.616
98.57
96.661
97.245
99.226
99.113
96.843
97.572
99.209
99.642
97.211
97.599
99.845
99.599
97.684
98.107
100.001
99.925
98.059
98.316
100.599
100.481
98.405
98.841
100.669
100.591
98.826
99.13
101.316
101.186
99.19
99.402
101.307
101.329
99.552
99.697
101.847
101.897
99.787
100.506
102.367
102.39
100.278
100.514
102.564
102.397
100.538
101.078
102.804
102.912
100.902
101.174
103.368
103.153
101.177
