30.478
30.417
30.414
30.412
30.663
30.402
31.046
30.8
30.357
30.377
30.293
30.325
30.398
30.564
30.404
30.254
84.906
34.574
34.514
91.3
115.322
46.138
69.882
113.911
112.793
32.461
69.882
112.946
51.756
35.595
37.708
51.425
89.277
31.358
30.349
89.81
115.251
31.269
30.348
112.717
104.19
30.853
30.212
102.928
92.391
30.806
30.359
92.266
95.845
30.611
30.363
95.79
100.165
30.472
30.393
100.544
114.179
30.413
30.35
114.698
115.798
30.431
30.239
112.811
75.237
30.515
30.337
74.968
87.156
37.097
37.386
87.992
112.912
47.6
47.643
112.678
112.779
30.734
58.399
115.27
36.137
34.663
34.837
36.465
72.598
47.412
47.158
73.45
111.164
52.455
52.263
111.954
112.792
57.182
56.556
112.559
39.343
30.377
30.364
40.053
65.604
30.385
30.299
66.436
97.058
30.381
30.435
98.164
115.346
30.35
30.406
113.66
113.818
30.313
30.304
111.518
47.623
30.413
30.335
49.194
76.73
31.054
31.231
78.203
102.896
34.772
34.765
103.64
113.569
41.996
41.663
113.819
112.603
34.298
45.45
113.427
43.038
31.056
31.027
43.841
58.84
33.702
33.925
59.667
84.973
36.822
36.815
85.99
111.561
41.759
41.782
112.261
113.036
30.23
39.62
112.716
61.597
30.38
30.374
62
89.914
30.418
30.349
91.236
112.127
30.435
30.362
112.183
112.882
30.198
30.363
112.168
109.865
30.426
30.445
103.793
112.736
30.672
30.462
113.263
115.818
30.197
31.955
113.021
38.609
31.89
32.112
39.742
74.727
45.292
45.525
75.731
104.028
58.199
58.068
105.721
112.937
66.001
66.623
112.096
84.707
44.725
72.03
39.866
55.796
33.066
33.043
57.221
81.876
37.424
37.666
83.665
112.143
39.762
40.114
112.429
114.555
30.796
45.342
112.743
96.607
30.365
30.69
86.085
95.617
30.691
31.025
96.269
114.684
30.36
30.572
113.549
111.797
30.436
30.572
113.379
58.716
30.35
30.61
59.673
88.807
30.311
30.428
89.704
105.114
30.356
30.402
106.219
119.522
30.333
30.338
113.468
49.014
30.324
30.515
49.129
61.359
33.934
34.035
62.934
