30.397
31.001
30.447
30.781
32.045
31.555
36.83
32.689
64.872
64.19
57.348
64.256
55.594
62.227
45.78
61.708
32.002
42.292
31.979
42.477
32.918
43.153
33.186
43.24
34.383
44.114
34.283
43.962
35.634
44.773
35.232
44.976
36.348
45.544
36.045
45.673
37.454
46.155
37.446
46.133
38.133
47.149
38.181
47.03
39.147
47.812
40.156
47.615
39.859
48.39
39.965
48.666
42.138
49.469
40.843
49.423
41.538
50.176
41.157
50.13
42.572
51.005
42.231
50.888
43.317
51.527
43.117
51.625
43.873
52.278
43.905
52.266
44.657
52.858
44.862
52.627
45.624
53.387
45.347
53.447
46.331
54.324
46.151
54.342
46.865
54.706
46.861
54.737
47.638
55.407
47.57
55.367
48.36
55.803
48.342
55.89
48.809
56.779
49.036
56.456
49.781
57.39
49.818
57.027
50.398
57.468
50.58
57.74
51.509
58.227
51.259
58.352
51.93
58.833
51.91
58.876
52.562
59.83
52.652
59.305
53.299
60.355
53.273
60.164
54.163
60.874
54.138
60.73
54.859
61.584
54.397
61.331
55.429
62.144
55.299
61.779
55.916
46.994
56.023
46.833
56.332
46.785
56.69
46.909
57.11
47.632
57.019
47.542
57.657
48.528
57.809
48.337
58.371
49.015
58.233
49.198
58.886
49.615
58.975
49.928
59.79
50.382
59.705
50.725
60.289
51.247
60.321
51.341
61.121
52.023
60.767
52.072
61.493
52.651
61.545
52.687
62.058
53.44
62.121
53.52
52.02
53.855
48.408
53.911
46.991
54.449
47.241
54.529
47.954
55.165
47.962
55.286
48.269
55.589
48.607
55.79
48.946
57.309
49.217
56.422
49.651
57
49.889
56.769
50.302
57.686
50.489
57.64
51.005
58.161
51.188
58.41
51.726
58.791
51.953
58.888
52.354
59.325
52.252
59.517
53.204
60.047
53.336
60.047
53.869
60.974
53.865
60.586
54.385
61.177
54.581
61.21
55.36
61.755
55.147
61.81
55.857
62.169
55.863
62.427
56.4
50.987
56.554
46.615
56.944
44.263
57.09
44.175
57.807
45.014
57.615
44.754
58.315
45.6
58.316
45.719
58.712
46.355
58.776
46.23
59.091
46.717
59.537
46.671
