30.488
30.427
30.909
30.471
32.926
34.349
40.079
33.326
91.321
89.095
97.165
93.263
91.646
67.151
68.593
85.814
98.271
99.391
68.574
68.459
67.912
68.224
69.483
69.364
68.487
68.247
69.938
69.544
69.01
68.781
70.455
70.511
69.519
69.593
70.952
70.971
70.061
69.962
71.503
71.445
70.646
70.477
72.021
71.947
71.211
70.731
72.562
72.358
71.626
71.603
72.945
73.093
72.046
72.278
73.399
73.639
72.464
72.378
73.841
73.825
72.867
72.585
74.408
74.118
73.115
73.358
74.894
74.732
73.73
73.736
75.377
75.28
74.03
74.161
75.806
75.784
74.58
74.703
75.943
76.383
75.34
75.33
76.811
76.812
75.857
75.858
77.323
77.239
76.247
76.145
77.767
77.707
76.517
76.616
78.175
78.261
77.119
76.786
78.633
78.655
77.601
77.485
79.036
79.539
78.081
77.987
79.496
79.44
78.651
78.474
79.975
80.033
78.891
78.826
80.482
80.425
79.39
79.12
80.963
80.909
79.846
79.7
81.028
81.179
80.087
79.965
81.581
81.758
80.522
80.447
81.983
82.219
80.877
80.916
82.407
82.685
81.334
81.367
83.113
83.055
81.889
81.855
83.564
83.572
82.161
82.227
83.78
83.939
82.628
82.555
84.4
84.486
83.118
83.057
84.829
84.897
83.45
83.491
85.276
85.28
84.117
83.756
85.714
85.605
84.539
84.53
85.869
85.747
85.025
84.976
86.389
86.22
85.329
85.426
86.689
86.812
85.751
85.695
86.939
87.165
86.242
86.15
87.573
87.655
86.725
86.582
87.798
88.016
87.051
86.859
88.352
88.229
87.465
87.136
88.661
88.836
87.9
87.592
89.358
89.208
88.27
88.054
89.712
89.655
88.695
88.231
89.694
90.121
89.082
89.071
90.463
90.406
89.473
89.513
90.593
90.803
89.869
89.843
91.03
91.282
89.923
90.209
91.662
91.665
90.375
90.696
92.018
92.069
91.026
91.019
92.42
92.473
91.269
91.349
92.897
92.876
91.575
91.894
93.005
93.229
91.977
92.267
93.597
93.584
92.381
92.565
94.066
93.995
92.699
92.981
94.309
94.366
93.138
93.3
94.869
94.876
93.63
93.794
95.166
95.173
