30.381
30.36
30.392
30.388
30.311
31.525
31.642
30.41
62.201
62.526
66.123
61.174
66.355
45.233
42.214
60.953
55.26
36.948
37.689
55.752
62.933
65.249
65.679
63.459
62.969
63.692
64.716
63.208
63.023
54.203
54.265
63.377
62.254
58.458
58.395
63.088
63.297
55.915
67.245
63.391
61.242
54.189
54.173
61.678
63.423
63.997
64.363
63.288
60.436
54.176
54.114
60.248
62.425
60.677
58.45
62.98
58.296
52.928
53.102
58.291
60.874
60.034
60.192
60.313
63.305
62.267
62.252
63.286
60.276
41.376
41.292
61.713
62.092
53.54
53.518
62.134
56.341
56.301
56.393
56.277
61.877
57.838
57.851
61.775
58.722
57.441
57.58
58.797
57.387
35.957
34.78
57.477
57.694
38.398
38.15
57.657
58.626
37.076
37.263
58.546
60.63
40.279
40.391
60.312
59.08
41.655
41.634
59.067
57.926
41.475
41.174
57.975
59.988
42.837
42.452
59.977
54.944
41.892
41.572
54.927
62.164
45.417
45.67
62.055
57.487
44.567
44.249
57.564
59.848
45.085
45.124
59.542
59.906
49.073
48.844
59.891
55.29
48.9
48.997
55.024
62.012
50.634
51.017
61.844
57.719
49.291
49.505
57.793
56.686
49.392
49.498
56.464
60.266
55.391
55.834
59.943
55.525
53.691
53.584
55.589
62.461
55.252
55.229
62.31
57.877
55.621
55.65
57.95
57.003
55.893
55.668
58.774
60.702
60.976
60.706
60.393
54.996
54.448
54.38
55.025
60.325
55.307
55.176
60.442
63.109
56.872
56.79
63.247
59.654
53.828
54.055
59.622
63.053
61.162
61.51
62.737
60.511
57.411
57.484
60.658
61.192
56.314
57.589
60.409
59.174
42.592
42.236
59.308
56.816
45.196
45.211
57.974
62.594
58.021
58.513
62.214
53.575
61.334
61.356
53.736
60.313
44.17
43.704
60.647
61.607
46.945
46.775
61.681
55.399
49.709
49.728
55.186
62.458
60.181
60.546
61.648
56.383
61.05
60.964
56.367
62.332
55.508
55.653
62.38
55.692
57.754
57.548
55.71
60.274
57.362
57.472
60.258
63.276
62.164
63.063
63.122
58.813
54.614
54.601
58.943
60.003
58.313
58.264
50.376
