30.814
30.363
30.56
31.056
31.155
31.995
39.185
33.195
58.481
61.667
46.4
54.699
59.178
41.811
40.128
42.038
31.295
41.759
41.871
31.274
32.391
42.841
42.793
32.502
33.51
43.758
43.601
33.51
34.666
44.479
44.59
34.936
35.668
45.201
45.068
35.949
30.631
46.144
45.861
30.24
30.677
46.822
46.726
30.406
30.499
47.55
47.479
30.589
31.09
47.987
48.122
31.225
32.21
49.056
48.831
32.334
33.644
49.195
49.287
33.445
34.248
50.228
50.129
34.421
35.169
50.922
50.727
35.33
36.25
51.697
51.383
36.23
37.562
52.212
52.268
37.251
38.026
52.905
52.846
38.213
39.009
53.722
53.519
39.193
39.84
54.399
53.997
39.98
40.764
55.234
54.911
40.651
41.292
55.881
55.702
41.422
42.191
56.338
56.056
42.28
42.998
57.016
56.939
43.208
43.442
57.514
57.392
43.739
44.183
58.296
58.195
44.447
45.184
58.789
58.683
45.283
45.918
59.57
59.197
46.054
46.65
60.058
60.094
46.728
47.531
53.656
51.161
47.435
48.112
45.583
45.758
48.239
48.908
46.169
46.466
48.88
49.651
46.796
47.043
49.646
50.226
47.859
47.847
50.364
50.863
48.546
48.585
51.057
51.423
49.189
49.286
51.77
52.308
49.822
50.007
52.511
52.899
50.51
50.498
53.212
53.669
51.328
51.334
53.823
54.438
51.88
52.058
54.445
54.951
52.272
52.786
55.219
55.527
53.215
53.469
55.815
56.108
54.516
53.931
56.358
56.823
44.324
44.352
56.957
57.464
45.428
45.102
57.616
57.781
46.035
45.896
58.177
58.658
46.813
46.852
58.947
59.282
47.544
47.55
59.437
60.055
48.173
48.136
60.063
53.301
49.283
49.033
51.473
43.635
49.771
49.713
43.623
44.318
50.765
50.283
44.353
45.009
51.13
51.085
44.838
45.891
51.713
51.9
45.69
46.792
52.553
52.51
46.266
47.441
53.167
53.332
47.097
48.192
53.892
53.902
47.85
48.845
54.488
54.432
48.729
49.588
55.075
55.215
49.404
50.362
55.777
55.924
50.307
50.899
56.498
56.411
50.713
51.649
57.225
57.139
51.336
52.115
57.753
57.669
51.895
52.916
58.214
58.385
52.68
