30.498
30.375
30.484
30.945
30.603
30.232
34.459
35.786
30.448
31.685
30.503
30.482
30.357
32.404
31.591
31.115
30.262
30.409
32.649
30.604
31.56
30.395
30.718
30.364
32.378
32.531
32.338
31.048
30.344
30.348
30.987
30.7
32.802
31.109
30.736
30.675
32.78
32.474
32.258
32.268
30.416
30.538
30.771
30.726
32.541
32.275
31.011
31.069
30.8
31.071
32.208
32.706
30.398
30.411
30.644
30.681
32.533
32.404
31.103
31.647
32.668
32.228
32.124
32.491
30.294
30.743
30.379
31.062
32.532
30.344
31.614
32.268
32.634
30.332
31.566
32.951
30.434
30.329
30.634
30.386
32.297
31.443
31.642
32.607
30.689
31.029
30.731
32.651
30.307
31.315
31.548
30.655
32.62
31.208
32.337
32.909
30.376
30.625
30.505
30.959
30.415
31.76
31.598
30.712
32.761
30.545
30.886
32.621
30.391
30.894
31.614
30.586
30.444
31.844
31.117
30.969
32.751
30.65
30.684
32.658
30.35
31.761
31.551
30.658
31.942
30.677
30.494
32.013
32.477
31.396
31.595
32.713
30.252
31.906
30.553
30.925
32.453
30.682
30.523
32.461
30.551
30.716
31.626
31.517
30.291
30.766
30.516
31.096
32.652
31.469
31.495
32.562
30.625
31.309
31.666
32.977
30.471
30.361
30.479
30.708
32.729
31.828
31.634
32.69
31.559
32.077
30.529
32.486
30.569
30.65
30.494
30.449
31.58
31.397
31.697
32.148
31.979
30.455
30.407
31.176
30.315
30.583
31.28
30.725
30.362
31.441
31.587
31.36
32.889
30.459
30.492
30.462
30.41
31.757
31.622
31.056
30.952
31.921
30.498
30.699
32.657
30.596
30.64
32.796
30.334
31.452
31.615
30.663
32.522
30.684
30.632
30.603
32.557
31.662
31.84
32.543
30.416
31.808
31.806
30.657
32.341
30.606
30.48
30.647
32.793
31.45
31.754
32.544
30.338
30.537
30.502
30.607
32.721
30.697
31.633
32.338
30.579
31.819
31.094
32.541
30.415
30.51
30.541
30.763
32.966
31.403
31.627
32.708
31.678
31.877
30.596
32.533
30.283
30.815
30.565
30.554
32.624
31.833
31.609
32.406
30.413
30.701
30.578
32.456
