30.602
30.681
30.585
30.387
31.245
33.386
36.109
32.031
89.765
91.725
75.451
95.35
113.941
110.8
114.379
113.091
110.188
110.687
108.591
111.481
81.956
70.815
75.745
81.358
38.724
38.968
56.19
56.094
38.173
38.087
55.973
55.961
38.417
38.209
56.063
56.035
38.391
38.094
56.391
56.617
38.376
38.435
56.389
56.297
38.787
38.604
56.481
56.353
38.876
38.599
56.5
56.609
38.911
38.627
56.429
56.861
38.909
38.6
56.723
56.758
39.115
38.82
56.646
56.64
39.503
38.805
56.951
56.775
39.231
39.002
56.969
56.966
39.111
39.056
56.975
56.948
38.992
39.047
57.108
57.404
39.151
39.173
57.346
57.391
39.575
39.344
57.264
57.475
39.249
39.316
57.423
57.609
39.363
39.537
57.275
57.497
39.544
39.615
57.712
57.79
39.667
39.596
57.603
57.444
39.604
39.672
57.648
57.569
39.906
39.842
57.783
57.805
39.955
39.794
57.681
57.814
40.161
39.992
57.655
58.066
40.034
40.164
57.971
58.016
40.293
40.089
58.2
58.335
40.391
40.18
58.155
57.982
40.51
40.367
58.123
57.944
40.525
40.309
58.309
58.404
40.359
40.378
58.284
58.331
40.583
40.54
58.422
58.575
40.567
40.57
58.654
58.782
40.916
40.762
58.544
58.589
41.041
40.872
58.462
58.623
41.028
40.856
58.781
58.745
41.14
40.928
58.829
58.77
41.249
41.044
59.017
59.034
41.042
41.013
58.954
59.068
41.131
41.134
58.904
59.096
41.09
41.238
59.065
58.989
41.26
41.314
59.3
59.148
41.352
41.46
59.233
59.455
41.419
41.361
59.338
59.311
41.546
41.571
59.362
59.614
41.9
41.632
59.543
59.484
41.535
41.707
59.478
59.705
41.512
41.624
59.56
59.554
42.137
41.901
59.695
59.799
42.095
41.868
59.699
59.695
41.789
41.852
59.884
59.883
42.001
42.121
59.942
60.045
42.081
42.208
59.986
59.932
42.303
42.157
60.243
60.403
42.631
42.505
60.271
60.268
42.629
42.466
60.273
60.249
42.732
42.541
60.296
60.244
42.732
42.515
60.391
60.54
42.848
42.638
60.5
60.693
42.959
42.675
60.646
60.609
42.725
42.789
60.857
60.977
