30.413
30.374
30.384
30.412
31.032
30.946
30.784
30.975
30.186
30.318
30.313
30.215
30.176
30.37
30.234
30.289
61.956
83.942
61.354
83.779
109.96
113.761
106.345
112.48
35.849
67.061
99.813
49.28
110.375
113.555
108.862
113.473
86.224
105.799
86.675
109.461
55.776
81.915
59.333
89.378
89.436
110.404
99.077
108.658
77.303
99.375
99.077
98.992
45.992
113.46
50.427
110.473
30.363
113.75
50.427
114.957
30.198
82.748
30.269
46.371
66.594
94.447
67.442
92.885
109.358
113.136
109.829
114.439
91.186
112.521
88.31
105.835
65.052
94.476
65.202
91.191
110.106
109.04
110.979
110.45
30.665
73.233
34.315
94.044
72.467
113.646
72.675
112.28
103.107
114.208
94.218
110.465
53.733
43.569
54.743
43.976
110.194
59.081
110.664
59.961
112.789
48.386
113.544
75.825
49.458
34.504
60.231
32.883
74.474
42.541
74.472
43.61
89.872
64.707
89.258
65.673
110.599
88.434
110.607
89.346
112.515
111.44
118.747
111.619
75.009
83.762
74.796
84.7
89.044
111.44
88.687
112.894
111.552
115.937
110.857
113.443
34.413
38.592
34.116
39.502
54.415
55.681
53.953
56.541
64.285
79.566
63.91
80.835
69.896
107.921
69.767
108.778
76.777
112.309
76.684
112.471
34.037
54.165
30.808
76.127
43.627
62.271
43.149
62.752
59.394
80.341
58.792
81.583
76.82
95.091
76.501
96.114
96.777
113.747
96.487
113.694
113.763
113.286
112.577
112.894
44.123
44.178
44.438
45.412
73.523
74.535
74.378
75.326
103.269
95.417
103.879
96.293
116.797
114.233
112.759
114.408
80.955
53.12
81.981
49.132
52.117
48.057
51.981
49.012
85.298
71.784
86.071
72.915
112.883
93.132
112.517
93.919
113.051
112.047
113.574
113.897
34.864
35.092
36.079
33.823
69.43
55.62
69.282
56.872
99.813
71.027
100.025
71.814
114.174
103.5
114.436
104.548
113.539
111.067
113.341
110.899
49.839
42.731
49.807
43.574
83.16
68.588
83.757
70.219
114.882
96.15
115.165
97.003
113.861
112.026
113.598
113.041
42.925
41.156
42.855
42.225
72.495
69.503
72.8
70.672
111.615
98.418
111.682
100.182
