30.418
30.335
30.319
30.386
30.901
30.7
30.67
30.918
30.358
30.231
30.296
30.251
30.356
30.205
30.228
30.345
83.339
54.109
52.975
82.771
111.983
99.384
96.32
109.093
49.09
36.67
34.678
52.745
112.518
113.55
113.349
112.94
113.795
105.749
107.289
113.495
55.041
64.803
93.423
90.999
112.873
112.528
112.718
111.614
92.651
114.065
115.853
95.111
51.623
66.16
78.779
68.329
89.725
88.642
87.602
89.522
114.065
114.209
116.611
115.342
48.623
102.77
113.531
106.429
80.112
78.65
75.643
78.366
113.556
113.745
114.74
115.121
112.687
80.563
88.496
106.189
74.6
76.99
74.102
72.962
113.47
113.906
114.021
115.3
106.179
111.603
112.6
114.031
80.081
96.224
97.429
78.425
113.81
114.627
112.896
115.869
83.12
83.654
96.615
87.098
86.867
99.541
96.735
85.77
113.997
113.849
113.326
115.11
68.293
111.672
111.113
68.533
64.017
70.932
68.909
62.455
113.417
113.702
114.134
113.902
82.008
108.964
114.071
78.457
47.767
64.178
65.648
46.795
108.095
113.369
113.2
106.705
71.272
112.971
116.314
72.344
100.473
73.192
71.411
99.627
113.49
113.393
113.285
114.532
39.253
40.856
38.751
48.536
82.57
94.043
93.026
81.403
113.836
112.976
115.569
114.176
104.094
95.401
69.139
112.549
113.145
50.972
51.002
113.684
112.481
30.379
49.956
112.896
43.84
30.574
30.312
42.984
88.974
30.763
30.591
87.657
113.095
30.61
30.334
117.372
112.765
30.284
30.373
114.319
66.007
30.413
30.499
63.466
111.527
30.407
30.456
110.414
112.41
30.388
30.55
114.212
49.25
31.573
31.482
63.621
93.218
46.063
45.694
88.384
113.195
68.917
68.391
112.062
98.443
84.955
52.577
93.816
49.02
54.68
54.428
45.61
84.934
94.883
94.619
67.133
111.066
113.177
114.415
92.49
33.274
112.35
113.944
34.844
53.041
79.01
99.67
47.273
75.929
111.721
111.703
69.952
104.55
112.964
114.901
35.075
37.603
57.646
104.743
31.167
69.852
85.404
84.839
64.598
109.488
112.885
113.012
105.506
55.397
112.702
112.517
60.616
35.824
65.204
85.405
32.765
61.536
30.282
30.238
59.151
