30.448
30.462
30.901
30.852
32.08
38.022
35.29
35.317
86.403
80.021
87.37
86.783
64.707
62.791
86.125
83.918
88.023
88.776
57.584
58.609
44.563
44.752
58.352
58.358
44.685
44.648
58.581
58.415
44.704
44.742
58.465
58.904
45.083
45.037
58.858
58.573
45.086
45.082
58.45
58.517
45.323
45.462
58.786
58.696
45.598
45.891
58.838
58.699
45.731
45.962
58.827
58.547
45.926
46.089
58.776
58.487
46.005
46.306
58.768
58.918
46.148
46.49
58.524
58.866
46.41
46.671
58.818
58.424
46.689
46.809
58.395
58.807
46.84
47.012
58.461
58.557
46.886
47.303
58.492
58.898
47.027
47.42
58.841
58.543
47.266
47.66
58.728
58.637
47.646
47.889
58.607
58.561
47.728
47.985
58.79
58.669
47.8
48.131
58.535
58.43
48.182
48.385
58.821
58.595
48.439
48.624
58.486
58.43
48.447
48.722
58.816
58.488
48.845
49.031
58.504
58.825
48.961
49.126
58.772
58.86
49.007
49.336
58.907
58.84
49.195
49.474
58.615
58.808
49.444
49.555
58.873
58.859
49.543
49.827
58.687
58.893
49.889
49.976
58.899
58.869
49.795
50.125
58.802
58.876
50.134
50.317
58.867
58.903
50.28
50.328
58.831
58.86
50.357
50.577
58.931
58.887
50.619
50.911
58.839
58.783
50.735
50.93
58.812
58.852
50.938
51.037
58.85
58.76
50.98
51.372
58.837
58.846
51.231
51.567
58.551
58.801
51.38
51.567
58.583
58.84
51.443
51.801
58.843
58.836
51.88
52.032
58.519
58.829
51.818
52.091
58.877
58.836
48.315
46.721
58.602
58.837
40.625
40.273
58.597
58.839
40.572
40.489
58.587
58.874
40.743
40.755
58.817
58.839
41.15
40.953
58.58
58.835
42.684
41.275
58.791
58.939
41.527
41.46
58.598
58.871
42.52
41.622
58.827
58.913
41.923
41.817
58.603
58.826
42.105
42.119
58.539
58.85
42.336
42.369
58.51
58.803
42.549
42.557
58.578
58.842
42.571
42.794
58.856
58.816
42.987
43.089
58.874
58.868
43.16
43.233
58.656
58.885
43.47
43.626
58.436
58.841
43.388
43.556
58.595
58.869
