30.497
30.548
30.357
30.937
32.472
35.795
33.02
31.892
62.174
61.932
53.982
46.695
59.483
59.388
60.627
51.574
30.754
44.833
44.976
30.424
32.001
45.635
45.897
31.642
32.985
46.523
46.219
32.925
34.005
47.279
47.174
33.766
34.87
47.986
48.014
34.724
35.897
48.611
48.724
35.848
36.884
49.185
49.476
36.444
37.813
50.175
50.193
37.446
38.698
50.898
50.798
38.306
39.624
51.648
51.431
39.381
40.354
52.427
52.115
40.323
41.37
52.929
52.799
41.074
42.176
53.682
53.871
41.935
42.987
54.217
54.199
42.94
43.941
54.963
54.762
43.594
44.654
55.401
55.241
44.436
45.346
56.271
56.144
45.226
46.107
56.776
56.478
45.932
46.74
57.468
57.201
46.382
47.545
57.905
57.83
47.188
48.178
58.66
58.494
47.845
48.907
59.25
59.185
48.675
49.576
59.873
59.688
49.184
50.316
60.001
60.9
50.101
51.055
48.59
48.471
50.757
51.673
49.067
49.167
51.493
52.415
49.938
51.165
51.999
52.939
50.664
50.612
52.841
53.697
51.387
51.248
53.701
54.369
52.006
52.068
54.079
55.119
52.853
52.738
54.651
55.607
53.438
53.471
55.449
56.301
54.154
54.093
55.981
56.99
54.846
54.604
56.943
57.53
55.387
55.34
57.504
58.247
55.986
56.064
57.919
58.747
56.622
56.561
58.793
59.477
57.368
57.347
59.347
59.918
57.881
57.852
59.737
59.197
58.605
58.605
60.116
45.577
59.063
59.325
45.447
46.129
59.802
60.026
46.156
46.842
60.271
60.188
46.824
47.646
39.255
44.559
47.566
48.394
40.203
40.392
48.389
49.19
40.864
40.984
49.072
49.868
41.844
42.007
49.796
50.494
42.658
42.503
50.523
51.248
43.53
43.609
51.145
51.702
44.238
44.307
51.87
52.377
45.182
44.826
52.662
53.03
46.367
45.908
53.254
53.868
46.395
46.598
53.82
54.307
47.492
47.325
54.478
55.173
48.211
47.942
54.831
55.795
48.777
48.582
55.808
56.226
49.372
49.415
56.35
57.016
50.017
49.803
56.931
57.549
50.701
50.57
57.472
58.062
51.052
51.897
58.223
58.693
51.485
51.85
58.859
59.313
52.376
52.441
59.386
