30.548
30.833
30.363
30.819
36.457
32.305
32.9
32.436
83.601
82.253
85.799
86.831
68.159
61.135
62.926
75.421
70.845
86.882
76.215
87.39
43.945
48.916
44.043
43.973
44.021
43.809
44.16
43.977
44.201
44.03
44.13
44.02
44.398
43.97
44.441
44.132
44.501
43.999
44.435
44.125
44.446
44.357
44.351
44.4
44.6
44.079
44.451
44.085
44.633
44.284
44.49
44.381
44.712
44.639
44.464
44.591
44.862
44.544
44.562
44.6
44.858
44.654
44.429
44.705
44.834
44.663
45.031
44.887
45.135
44.705
44.973
44.761
44.908
44.649
44.884
44.935
45.082
44.809
44.802
44.765
45.419
44.888
45.206
45.046
45.341
44.948
45.17
45.155
45.344
45.14
45.267
45.372
45.467
45.125
45.208
45.242
45.365
45.14
45.273
45.297
45.593
45.24
45.398
45.544
45.755
45.357
45.598
45.518
45.828
45.454
45.672
45.633
45.784
45.529
45.656
45.707
45.609
45.539
45.737
45.732
46.003
45.572
45.883
45.71
45.809
45.746
45.921
45.848
45.976
45.866
45.83
45.977
46.069
45.913
46.119
45.962
46.241
46
46.233
46.108
46.211
45.974
46.198
46.186
46.09
46.036
46.14
46.252
46.483
46.119
46.508
46.189
46.449
46.385
46.504
46.451
46.721
46.408
46.593
46.427
46.527
46.409
46.503
46.468
46.899
46.532
46.733
46.576
47.001
46.618
46.814
46.71
46.837
46.528
46.701
46.71
46.99
46.708
46.829
46.741
46.964
46.866
47.074
46.997
47.123
46.903
47.093
46.968
47.059
46.919
46.939
46.924
46.987
46.941
47.097
47.115
47.385
47.15
47.356
47.136
47.266
47.075
47.317
47.15
47.485
47.146
47.521
47.327
47.775
47.28
47.534
47.3
47.804
47.249
47.578
47.484
47.69
47.667
47.678
47.423
47.647
47.436
47.708
47.525
47.558
47.395
47.641
47.69
47.784
48.038
47.675
47.495
47.891
47.677
47.891
47.803
47.788
47.738
47.936
47.896
48.017
47.834
48.103
47.928
48.042
47.961
48.015
47.927
48.163
48.001
48.019
48.03
48.262
48.11
48.339
48.182
48.29
48.11
48.317
48.153
