30.364
30.332
30.39
30.408
30.681
30.587
30.663
30.598
30.395
30.382
30.289
30.294
30.203
30.269
30.261
30.174
56.164
61.461
62.15
60.163
59.474
65.038
63.912
51.383
62.996
63.111
62.965
63.468
64.254
63.898
63.944
64.075
60.641
33.077
55.85
37.418
59.191
64.33
64.025
59.207
56.152
65.431
63.483
59.67
40.662
44.27
44.612
41.161
65.211
65.087
63.928
63.357
63.812
65.322
66.115
65.132
33.294
30.69
30.387
33.939
57.272
53.819
54.307
57.113
63.098
65.55
63.777
64.522
33.526
38.671
35.354
33.044
51.066
30.248
30.172
50.991
64.849
30.314
30.163
64.695
63.303
30.329
30.253
66.904
64.82
30.268
30.204
66.432
63.274
30.302
30.269
62.346
63.124
30.359
30.267
69.545
57.473
30.357
30.505
58.866
43.903
31.311
31.436
43.415
30.182
42.293
42.506
30.168
30.185
62.874
63.472
30.159
30.18
65.145
63.556
30.269
30.193
67.467
63.928
30.173
30.245
55.776
56.03
30.295
30.266
62.643
62.396
30.287
32.156
62.907
64.454
30.418
39.052
39.864
39.817
39.283
61.333
30.267
30.266
62.131
65.123
30.226
30.304
64.847
64.189
30.245
30.221
64.702
64.318
30.204
30.202
64.425
57.937
30.304
30.3
58.216
63.935
30.308
30.428
64.128
54.797
30.354
30.662
46.976
54.083
43.194
43.345
54.296
50.573
62.808
62.985
50.754
37.931
63.636
63.641
38.063
30.187
65.559
64.513
30.322
30.243
65.467
63.809
30.311
30.292
44.133
46.756
30.415
33.906
63.045
63.17
34.048
42.152
63.66
64.357
42.296
49.781
66.737
62.883
49.94
55.278
61.615
64.65
55.52
63.072
67.414
65.316
64.729
65.356
68.243
62.74
63.689
50.52
36.581
36.56
51.254
64.077
38.766
39.478
62.783
63.381
50.156
50.622
63.468
63.142
60.662
61.195
62.813
62.703
65.171
66.073
64.381
54.998
63.544
65.154
54.451
49.26
66.774
63.016
50.082
30.247
65.744
63.76
30.646
30.159
68.632
65.884
30.381
30.195
52.358
52.036
30.271
30.236
30.161
30.164
30.28
30.709
30.2
30.172
30.925
36.558
30.173
30.155
36.668
