30.787
30.746
30.406
30.5
32.024
33.256
33.047
38.814
86.457
87.175
87.397
80.993
85.046
69.191
72.976
68.603
61.888
64.735
57.034
46.281
43.67
43.521
44.067
44.301
43.745
43.687
44.377
44.388
43.971
43.852
44.288
44.158
43.99
43.93
44.52
44.509
43.99
44.248
44.415
44.498
44.046
44.369
44.435
44.414
44.445
44.711
44.334
44.012
44.41
44.592
44.561
45.292
44.522
44.73
44.425
44.215
44.66
44.637
44.378
44.171
44.777
44.986
44.291
44.329
44.888
45.066
44.56
44.356
45.957
44.966
44.465
44.316
44.981
45.043
44.484
44.471
44.947
45.08
44.728
44.703
45.158
44.965
44.826
44.838
45.106
44.97
44.601
44.792
45.318
45.267
44.729
44.648
45.272
45.253
44.658
45.059
45.47
45.487
44.754
44.955
45.405
45.593
44.828
45.007
45.586
45.754
44.92
44.755
45.464
45.515
45
44.856
45.583
45.508
44.897
45.301
45.551
45.829
45.035
45.03
45.647
45.853
45.192
45.084
45.664
45.7
45.206
45.276
45.886
46.138
45.296
45.283
45.932
46.056
45.271
45.281
45.865
46.087
45.287
45.405
45.902
45.981
45.355
45.49
46.06
46.164
45.488
45.503
46.166
46.349
45.536
45.356
46.197
46.31
45.499
45.537
46.29
46.102
45.715
45.724
46.357
46.28
45.712
45.632
46.424
46.347
45.743
45.734
46.327
46.331
45.749
45.771
46.407
46.37
45.772
45.903
46.587
46.573
45.941
45.974
46.604
46.624
45.96
45.981
46.499
46.592
45.967
45.995
46.615
46.581
46.008
46.192
46.803
46.809
46.344
46.303
46.907
46.822
45.986
46.145
46.815
46.777
46.263
46.219
46.835
46.666
46.168
46.202
47.025
47.144
46.491
46.491
47.106
47.288
46.486
46.493
47.087
46.859
46.456
46.449
47.083
47.055
46.69
46.723
47.293
47.393
46.715
46.593
47.309
47.287
46.696
46.752
47.318
47.335
46.964
46.766
47.212
47.331
46.68
46.74
47.654
47.488
46.816
46.884
47.537
47.401
46.958
46.962
47.618
47.814
46.94
46.944
47.501
47.555
46.983
46.957
47.534
47.817
47.086
47.083
47.682
47.656
47.089
46.984
