30.776
30.623
30.391
30.545
30.281
31.138
30.43
36.313
31.408
30.303
30.429
32.593
30.704
30.344
30.507
30.265
31.851
30.508
31.922
31.965
30.804
32.481
30.391
32.576
30.554
30.571
30.46
30.282
31.61
31.554
32.295
32.849
30.516
30.757
30.562
30.866
31.537
31.702
32.281
30.309
30.355
32.39
31.403
32.873
31.197
30.46
32.845
30.283
30.982
31.393
30.69
31.16
30.477
30.769
32.75
32.797
31.518
31.342
30.56
30.335
30.401
30.893
31.296
32.613
31.649
31.623
32.836
30.625
30.523
30.889
30.57
30.354
31.3
30.587
32.596
32.652
31.637
31.447
32.747
30.375
30.393
30.907
30.633
30.397
31.555
31.532
32.143
32.721
30.517
31.203
32.641
30.332
30.618
30.61
30.669
30.514
31.598
31.391
32.612
32.719
30.547
30.695
30.695
30.372
31.805
31.34
30.58
32.889
30.389
30.543
32.892
30.667
31.466
30.549
30.65
30.498
30.575
31.231
32.204
32.6
30.449
30.555
32.637
30.316
31.558
31.37
30.504
30.284
30.472
30.609
32.336
32.732
31.639
31.453
31.019
30.371
30.404
30.853
30.568
31.547
30.44
30.583
32.495
32.602
31.623
31.45
31.701
30.455
30.415
30.58
30.525
31.43
31.517
31.188
32.838
32.763
31.576
31.389
31.434
30.333
30.43
30.628
30.573
30.413
31.575
31.729
32.714
32.824
30.403
30.979
34.011
30.39
31.826
30.639
30.52
30.781
31.661
31.683
32.699
32.771
30.387
30.627
30.692
30.402
31.678
31.236
30.639
30.804
30.634
31.413
32.978
32.747
30.446
30.602
30.882
30.459
31.602
31.187
30.529
31.694
30.513
30.655
32.407
32.681
31.673
31.436
30.722
30.452
30.433
30.712
31.259
32.835
30.765
30.848
32.573
30.599
31.521
31.695
30.757
30.521
30.477
30.656
31.895
32.713
31.696
31.432
32.676
30.404
30.356
31.058
30.711
30.399
30.372
30.558
32.201
32.95
31.575
31.516
32.736
30.421
30.551
30.737
30.599
30.34
31.556
31.358
32.473
32.485
30.396
30.545
30.627
30.296
31.485
30.81
30.555
32.365
30.725
31.75
32.552
30.841
30.449
30.754
30.485
30.308
