30.349
30.42
30.288
30.489
34.567
34.164
33.01
36.867
87.405
86.912
79.359
82.884
76.86
83.306
68.639
83.034
101.084
95.155
96.981
99.42
67.967
50.708
65.217
49.641
70.433
51.599
70.276
51.606
70.859
52.563
70.78
52.313
71.14
53.104
71.223
52.907
71.788
53.746
71.809
53.643
73.371
53.952
72.439
54.418
72.654
54.871
72.936
54.839
73.412
55.459
73.46
55.618
73.958
55.975
73.892
56.272
74.411
56.725
74.457
56.926
74.909
57.28
74.868
57.527
75.464
58.037
75.348
58.072
75.902
58.626
75.91
58.673
76.352
59.157
76.352
59.232
76.753
59.954
76.882
59.899
77.143
60.259
77.296
60.58
77.43
60.927
77.693
60.947
77.886
61.123
78.188
61.466
78.185
61.828
78.482
62.219
78.748
62.493
78.531
62.688
79.375
63.095
79.099
63.231
79.754
63.556
79.844
63.91
80.192
64.151
80.343
64.382
80.504
64.781
80.831
64.956
80.935
65.196
81.157
65.507
81.564
65.94
81.671
66.057
81.954
66.366
82.138
66.427
82.445
66.665
82.501
66.703
82.964
67.339
83.073
67.533
83.211
68.07
82.971
68.163
83.674
68.408
83.687
68.726
83.995
68.909
84.134
69.155
84.497
69.553
84.495
69.642
84.838
69.9
84.766
70.048
85.365
70.389
85.333
70.531
85.728
70.718
85.821
70.948
86.018
71.224
86.218
71.376
86.542
71.584
86.584
71.971
87.031
72.079
87.038
72.442
87.188
72.727
87.103
72.964
87.704
73.053
87.629
73.365
88.222
73.402
88.226
73.953
88.318
74.031
88.485
74.322
88.818
74.493
88.905
74.864
89.359
74.978
89.491
75.279
89.725
75.431
89.862
75.766
90.048
75.617
90.17
76.156
90.488
76.297
90.57
76.597
91.059
76.834
90.702
77.114
91.345
77.233
91.668
77.488
91.637
77.551
91.994
77.811
92.245
78.117
92.054
78.349
92.435
78.382
92.529
78.805
92.748
79.079
93.19
81.237
93.208
79.283
93.174
79.439
93.738
79.546
93.635
80.006
93.96
80.005
93.829
80.244
94.272
80.4
94.305
80.724
94.853
80.77
94.864
81.065
95.09
81.275
95.019
81.491
