30.691
30.779
30.376
30.474
34.131
31.166
32.421
36.363
75.778
74.645
74.115
75.191
73.16
66.989
75.299
74.926
46.647
46.538
37.232
37.586
46.598
46.543
37.367
37.905
46.593
47.477
37.488
37.49
46.607
46.755
37.47
37.488
46.836
46.683
37.777
37.791
46.978
46.968
37.652
37.697
46.691
47.03
37.915
38.184
47.177
46.986
37.95
38.324
47.147
47.219
38.388
38.395
47.226
46.887
38.344
38.028
48.078
46.868
38.374
38.341
32.692
33.029
38.241
38.322
32.856
33.076
38.619
38.589
32.816
33.155
38.574
38.597
32.979
33.207
38.738
38.588
33.093
33.372
38.759
38.858
33.193
33.417
38.829
38.812
33.338
33.601
39.131
39.072
33.474
33.747
39.067
39.078
33.628
33.79
39.327
39.349
33.522
33.869
39.43
39.517
33.776
34.011
39.567
39.804
33.716
34.1
39.643
39.814
34.037
34.212
39.563
39.758
34.036
34.202
39.845
40.003
34.554
34.519
39.946
40.017
34.272
34.498
40.056
40.29
34.419
34.662
40.059
39.953
34.522
34.722
40.541
40.158
34.588
34.819
40.179
40.294
34.607
34.836
40.303
40.297
34.717
34.937
40.399
40.388
34.868
35.046
40.49
40.378
34.74
35.056
40.648
40.606
35.123
35.288
40.658
40.649
35.132
35.388
40.746
40.768
35.264
35.461
41.015
40.849
35.355
35.541
40.822
40.794
35.177
35.685
40.992
40.988
35.474
35.705
41.122
40.906
35.708
35.925
41.13
41.215
35.714
35.946
41.271
41.247
35.573
35.915
41.466
41.166
35.96
36.192
41.311
41.574
35.807
36.168
41.248
41.484
36.097
36.273
41.536
41.579
36.078
36.383
41.726
41.742
36.29
36.537
41.606
41.717
36.212
36.528
41.951
41.983
36.507
36.782
41.987
41.856
36.594
36.755
41.987
41.923
36.753
37.119
42.133
42.238
36.816
37.056
42.161
42.184
36.931
37.133
42.368
42.35
36.906
37.139
42.237
42.539
36.993
37.421
42.744
42.748
37.18
37.381
42.599
42.609
37.18
37.381
42.558
42.832
37.388
37.61
42.706
42.612
37.422
37.655
42.842
42.86
37.567
37.698
42.837
42.862
37.433
37.961
42.973
42.806
