30.391
30.383
30.387
30.342
30.207
30.334
30.412
30.296
91.634
86.567
87.634
93.259
97.881
98.183
98.906
97.795
99.353
64.116
65.099
97.761
34.811
52.174
52.085
34.549
39.673
52.646
52.55
39.839
48.748
58.746
58.648
48.671
47.234
62.308
62.183
47.106
45.386
61.383
61.334
45.718
45.473
67.656
67.6
45.593
42.252
60.77
60.856
42.313
41.255
58.771
58.678
41.509
40.742
60.472
60.67
40.725
40.278
58.34
58.51
40.282
46.044
64.219
64.161
46.2
43.663
61.476
61.343
43.752
46.444
59.827
59.934
46.49
49.874
65.104
65.448
49.566
52.431
61.003
61.19
52.044
60.623
61.119
60.872
60.379
55.691
62.106
62.051
55.92
56.494
59.739
59.685
56.549
57.888
65.217
65.205
58.064
57.525
61.64
61.68
57.642
59.293
59.378
59.359
58.992
56.988
62.837
63.307
57.039
56.503
59.608
59.481
56.55
60.546
61.986
61.894
59.919
57.664
61.325
61.219
57.714
57.208
60.122
60.354
57.172
57.771
66.526
66.736
57.752
57.444
61.649
61.524
57.301
62.77
59.4
59.011
62.553
57.008
61.622
61.698
57.179
57.168
60.098
60.204
57.122
57.381
64.799
65.036
57.413
57
61.825
61.906
57.149
61.75
59.783
59.834
61.197
58.231
62.375
62.47
58.249
57.617
61.659
61.864
57.801
61.156
64.941
64.844
60.934
58.779
62.817
62.841
58.936
58.452
59.378
59.403
58.399
59.189
62.968
63.73
59.433
59.01
61.224
61.174
59.161
64.433
63.341
62.95
63.951
59.555
62.332
62.406
59.609
59.205
60.522
60.505
59.081
61.456
65.488
65.301
61.461
60.859
60.35
60.254
61.039
63.195
59.899
59.857
63.103
61.809
64.376
64.373
61.836
58.758
62.637
62.858
58.895
63.73
66.374
66.345
63.301
59.447
61.778
61.976
59.283
60.431
59.302
59.4
60.322
60.458
62.967
63.639
60.478
59.605
60.661
60.615
59.561
64.377
64.529
64.374
64.204
60.153
62.681
62.939
60.362
59.421
59.012
59.088
59.44
61.095
63.464
63.928
61.205
59.952
59.864
59.754
59.987
63.479
63.735
63.534
63.27
