30.388
30.417
30.382
30.342
31.009
30.331
30.364
30.774
30.344
30.684
30.398
30.31
30.276
30.363
30.223
30.214
60.926
37.977
64.77
44.652
76.886
33.662
76.661
38.442
76.886
30.475
76.049
38.442
76.281
71.675
74.736
76.362
78.415
55.258
75.856
54.338
66.212
30.346
56.436
54.046
76.641
70.838
76.159
66.521
76.73
60.627
75.568
75.602
64.921
30.425
56.54
34.99
74.534
69.478
73.888
73.468
77.061
75.907
77.563
75.84
39.746
37.642
40.14
41.662
70.051
75.387
69.784
76.297
69.426
35.718
65.88
33.888
75.658
73.432
75.712
75.886
71.573
37.235
59.143
36.223
74.036
63.905
73.118
68.961
76.399
72.621
73.595
72.995
55.744
46.458
55.818
50.923
68.213
66.681
68.32
76.807
55.981
56.425
31.658
60.344
30.241
46.322
30.286
51.082
30.254
68.534
30.264
73.321
30.263
75.144
30.313
74.801
30.31
54.316
30.294
45.41
30.323
64.524
30.292
70.154
33.045
75.479
33.876
75.355
32.184
63.701
32.778
33.451
53.012
63.593
53.889
67.541
75.726
74.915
75.818
76.587
74.711
44.347
74.153
45.26
76.844
32.956
75.789
71.843
63.369
54.256
64.094
58.862
76.896
72.169
76.605
75.796
71.317
31.107
66.177
37.361
58.608
63.532
59.43
66.853
75.818
76.861
77.664
75.89
70.38
35.242
45.011
33.888
54.098
30.54
54.526
30.81
50.516
30.365
51.211
30.383
40.113
30.4
40.424
30.675
36.315
30.423
36.988
30.518
35.398
30.375
36.326
30.77
36.96
30.327
37.647
30.402
41.844
32.506
42.577
32.618
50.477
47.719
51.231
48.11
63.667
71.874
64.419
72.803
77.885
77.464
75.812
75.225
79.157
73.412
76.468
74.753
75.621
51.945
63.514
50.702
73.644
74.205
74.304
76.233
75.993
77.138
76.54
76.084
36.807
35.752
37.733
36
49.606
59.066
49.568
59.661
53.157
73.882
53.389
74.439
57.212
75.503
57.316
76.064
39.396
65.767
39.33
62.664
44.946
69.675
44.948
69.86
52.62
71.722
52.646
72.199
62.26
61.818
62.028
61.82
73.229
57.324
73.228
57.157
