30.311
30.383
30.359
30.465
32.841
33.455
31.827
35.274
74.74
75.504
74.632
75.547
74.339
74.814
69.742
75.22
36.807
63.816
60.666
38.908
37.354
48.855
49.069
37.576
37.366
48.853
49.132
37.689
37.654
48.894
48.893
37.805
37.645
48.895
49.154
38.085
38.139
48.815
48.778
38.325
38.271
49.397
48.804
38.731
38.528
48.844
48.849
38.857
38.737
48.907
48.843
39.056
39.12
48.839
48.942
39.324
39.359
48.789
48.881
39.514
39.612
49.134
48.872
39.917
39.513
48.89
48.841
39.885
39.815
48.853
48.912
40.032
40.118
48.838
48.934
40.42
40.335
49.079
48.882
40.602
40.656
49.071
49.007
40.768
40.966
49.051
49.008
41.145
41.191
49.144
49.198
41.305
41.29
49.116
49.173
41.521
41.565
49.096
49.239
41.752
41.515
48.866
48.831
41.825
41.882
48.865
48.912
42.103
41.996
48.726
48.867
42.372
42.7
49.209
48.973
42.566
42.354
49.134
48.916
42.737
42.63
48.984
48.998
42.97
42.886
49.142
48.939
43.215
43.029
49.16
48.909
43.173
43.375
49.19
49.161
43.572
43.437
49.183
48.928
43.679
43.772
49.119
48.895
43.939
43.701
49.099
48.68
44.076
44.042
49.129
48.768
44.222
44.351
49.164
48.879
44.523
44.46
49.103
48.898
44.847
44.578
49.134
48.777
44.753
44.798
49.189
48.908
44.975
45.052
49.125
48.67
45.262
45.306
49.131
48.969
45.485
45.355
49.148
48.923
45.552
45.633
49.087
48.808
45.865
45.865
49.104
48.855
46.092
48.295
49.101
48.946
46.116
46.157
49.101
48.746
46.399
46.32
49.093
48.934
46.624
46.603
49.165
48.763
46.826
46.737
49.064
48.883
47.016
47.036
49.102
48.927
47.16
47.137
49.107
48.871
47.433
47.094
49.12
48.912
47.428
47.2
49.118
48.894
47.516
47.345
49.167
48.899
47.658
47.536
49.103
48.908
47.799
48.007
49.272
48.911
47.983
47.78
49.226
49.073
48.026
47.899
49.258
49.09
48.151
47.978
49.316
49.288
48.282
47.977
49.321
49.07
48.279
48.203
49.378
49.169
48.509
48.479
49.442
49.441
48.627
48.469
49.375
49.169
48.619
