30.436
30.512
30.615
30.952
31.236
37.495
31.628
35.569
62.378
52.09
61.163
59.219
57.703
45.403
62.409
48.403
31.848
31.507
31.803
32.086
31.179
31.378
32.14
32.223
32.542
31.698
32.406
32.272
31.805
31.737
32.541
32.616
31.77
31.863
32.65
32.591
32.079
31.96
32.805
33.661
32.245
32.192
32.68
32.822
32.203
32.261
33.079
33.052
32.203
32.375
32.917
33.141
33.145
32.491
33.2
33.384
32.684
32.702
33.388
33.391
32.925
32.729
33.205
33.571
32.869
32.834
33.539
33.752
33.089
32.931
33.649
33.948
33.797
33.249
33.637
34
33.323
33.177
33.775
34.112
34.063
33.48
34.251
34.295
33.552
33.449
34.463
34.535
33.615
33.528
34.661
34.532
33.953
33.806
34.425
34.645
34.604
33.904
34.789
34.873
34.104
34.136
34.979
35.035
34.066
34.073
35.242
35.222
34.147
34.223
35.214
35.181
34.554
34.477
35.345
35.425
34.519
34.375
35.653
35.646
35.205
34.725
35.594
35.645
34.795
34.805
35.644
35.791
34.924
34.965
36.105
35.923
35.142
35.001
35.815
35.933
35.632
35.238
35.977
36.187
35.381
35.329
36.384
36.328
35.487
35.412
36.532
36.501
36.152
35.532
36.512
36.577
36.263
35.667
36.761
36.739
31.099
33.25
36.906
36.838
30.264
30.307
36.918
36.938
30.25
30.338
37.078
37.014
30.208
30.324
37.305
37.178
31.632
30.23
36.948
37.294
30.294
30.273
37.648
37.637
30.291
30.185
37.558
37.612
30.317
30.234
37.829
37.812
30.372
30.275
37.74
37.822
30.327
30.286
38.006
38.027
30.304
30.254
38.12
38.172
30.237
30.226
38.292
38.033
30.331
30.205
38.389
38.264
30.306
30.274
38.521
38.494
30.259
30.312
38.667
38.616
30.306
30.277
38.8
38.76
30.388
30.267
38.851
38.91
30.514
30.273
39.099
39.056
30.371
30.326
39.129
39.112
30.256
30.232
39.224
39.236
30.311
30.214
39.384
39.335
30.321
30.251
39.53
39.454
30.327
30.254
39.583
39.699
30.348
30.217
39.73
39.658
30.286
30.245
39.834
39.787
30.27
30.18
39.936
39.93
30.271
30.195
39.962
39.694
