30.572
30.813
30.445
30.6
37.736
31.209
30.455
30.207
30.925
30.364
30.472
30.412
30.609
30.376
30.506
30.23
30.421
30.455
32.27
30.416
32.901
31.707
30.403
30.453
30.515
31.608
30.492
30.465
31.558
30.424
32.326
30.441
32.498
30.775
30.624
31.432
30.648
31.002
31.312
31.21
32.626
31.478
32.703
30.512
30.539
31.315
30.553
31.757
30.428
30.746
32.136
30.563
32.698
31.243
30.953
31.563
30.425
31.505
30.657
30.383
30.365
30.74
32.158
30.479
32.752
31.552
30.917
31.596
30.357
30.673
30.585
30.439
30.907
31.559
32.086
31.581
32.811
31.26
31.067
30.478
30.49
30.559
32.128
30.321
32.223
31.323
32.533
31.511
32.678
31.314
31.024
30.587
30.398
31.373
32.154
31.624
32.612
32.171
31.741
30.461
30.644
30.602
30.843
30.344
30.445
31.516
32.169
31.532
32.779
30.671
30.908
31.109
30.444
30.645
32.2
30.445
30.62
30.603
30.728
30.927
32.931
31.115
32.874
30.501
30.36
30.846
30.581
30.807
31.081
30.463
30.559
30.556
32.739
33.625
32.677
30.361
30.414
30.464
30.599
30.484
32.772
30.628
32.632
30.348
31.205
30.467
32.699
30.384
30.371
30.558
30.601
31.307
32.496
30.339
31.112
30.43
31.594
30.513
33.011
30.49
30.44
30.345
30.646
30.378
32.638
30.391
32.489
30.429
30.434
30.346
32.664
30.46
30.321
31.651
30.563
30.341
32.786
31.207
32.748
30.466
30.322
30.819
33.777
30.264
30.352
31.217
30.563
30.674
32.661
30.535
32.659
30.599
30.342
30.789
31.018
32.164
30.346
31.183
30.649
30.571
32.723
30.791
32.657
30.654
30.339
31.272
30.72
31.746
30.328
30.958
30.614
30.357
32.833
30.763
32.821
31.934
30.318
32.057
30.864
32.358
32.259
30.945
30.514
30.479
32.646
31.838
32.665
32.209
30.401
32.005
30.594
30.49
31.699
30.951
30.323
30.761
32.581
32.107
32.503
32.344
30.486
31.035
30.613
30.411
31.949
30.711
30.606
30.667
32.89
32.096
32.844
32.609
30.427
30.665
30.439
30.547
32.613
30.662
31.248
32.339
