30.395
30.383
30.377
30.429
30.772
30.668
30.593
30.619
30.447
30.231
30.26
30.233
30.245
30.228
30.223
30.212
53.466
53.5
50.448
53.445
87.091
87.041
100.458
101.694
62.845
98.29
102.27
100.865
62.573
62.289
58.861
62.066
101.308
100.25
100.211
102.006
91.814
92.927
101.84
100.823
54.915
54.411
30.347
30.243
100.887
100.591
32.082
31.99
90.529
89.601
30.374
30.251
93.052
92.982
33.273
33.155
93.588
93.544
32.973
32.773
84.141
84.274
32.843
32.832
86.629
86.9
33.198
33.077
75.456
75.518
30.254
30.257
73.296
73.248
30.354
30.208
76.319
76.088
30.235
30.239
71.077
71.081
30.282
30.241
71.571
71.671
30.412
30.279
64.425
64.226
30.366
30.24
52.3
52.446
30.276
30.256
51.106
51.216
30.299
30.324
36.511
36.437
31.984
31.919
30.235
30.271
40.036
40.02
30.292
30.279
42.421
42.422
30.321
30.306
48.763
48.681
30.357
30.287
47.302
47.104
30.403
30.306
33.38
33.134
30.527
30.382
30.319
30.221
34.568
34.347
30.293
30.197
45.806
45.49
30.248
30.241
49.214
49.118
30.26
30.224
60.371
60.324
30.224
30.222
65.232
65.315
30.17
30.886
66.795
66.256
33.26
33.89
66.517
66.3
46.137
46.277
58.401
57.669
50.511
51.024
36.358
36.213
61.096
61.668
30.328
30.235
62.685
62.516
30.274
30.257
51.332
51.283
30.819
30.321
30.478
30.345
31.011
30.315
30.26
30.165
31.078
30.301
30.186
30.272
30.985
30.318
30.22
30.218
31.049
30.378
30.255
30.21
35.912
35.92
30.245
30.305
49.011
48.766
30.215
30.246
56.651
56.389
30.298
30.824
65.654
65.563
35.061
35.444
83.034
82.703
47.535
48.326
94.32
93.801
56.676
57.457
97.638
97.466
64.647
65.564
102.063
102.042
70.519
70.891
99.958
103.566
37.773
67.27
86.227
86.097
30.228
30.245
100.167
99.01
30.269
30.213
97.293
98.394
30.26
30.204
101.81
104.834
30.253
30.244
102.357
99.807
30.294
30.223
49.551
49.622
30.205
30.255
53.499
53.067
30.315
30.757
57.685
57.671
35.367
36.087
55.321
54.638
47.257
47.453
56.706
56.207
52.137
52.96
