30.507
31.873
30.967
30.622
35.198
40.192
37.858
40.501
39.095
45.824
43.268
45.929
39.743
39.558
32.855
31.623
30.682
31.038
30.914
30.56
30.502
31.793
31.536
30.331
30.596
32.448
32.305
30.417
30.572
33.081
32.9
30.404
30.779
33.376
33.416
30.565
30.928
34.127
33.959
30.902
30.836
34.471
34.456
31.267
31.05
35.286
35.263
30.928
31.03
35.736
35.628
31.095
31.163
36.163
36.099
31.108
31.177
36.496
36.464
31.094
31.674
36.983
36.773
31.776
31.481
37.159
37.389
31.577
31.471
37.753
37.723
31.586
31.765
38.609
38.365
31.735
31.799
38.676
38.602
31.851
32.075
39.204
38.916
32.016
32.05
39.45
39.306
32.074
32.052
39.873
39.607
32.236
32.329
40.243
40.064
32.485
32.546
40.165
40.329
32.216
32.245
40.434
40.292
32.445
32.623
41.178
40.789
32.666
32.663
41.168
41.238
32.656
32.79
41.506
41.376
32.598
32.787
42.103
41.931
32.874
33.297
42.318
42.365
33.114
33.01
42.915
42.767
33.034
33.038
43.479
43.222
33.185
33.128
43.681
43.508
33.261
33.608
43.928
43.743
33.375
33.584
44.354
46.79
33.521
33.764
44.549
44.548
33.813
33.811
44.757
44.816
34.052
33.746
45.111
45.2
33.824
34.032
45.909
45.848
34.079
34.111
46.223
46.06
34.014
34.289
46.348
46.123
34.307
34.355
46.861
46.753
34.448
34.346
47.207
46.945
34.364
34.613
47.523
47.311
34.57
34.494
47.552
47.665
34.593
34.729
48.389
48.267
34.661
34.95
48.672
48.641
34.958
34.913
49.034
48.882
34.996
35.099
49.467
49.288
35.095
35.067
49.869
49.751
35.158
35.221
50.506
49.874
35.199
35.687
50.439
50.229
35.399
35.66
50.913
50.864
35.486
35.553
51.307
51.105
35.567
35.726
51.704
51.382
35.727
35.886
52.022
51.868
35.841
35.858
52.358
52.315
35.82
35.21
52.796
52.619
34.261
30.293
53.15
52.948
30.283
30.227
53.49
53.315
30.219
30.264
53.787
53.554
30.287
30.29
54.075
54.02
30.38
30.243
54.408
54.377
30.273
