30.449
30.362
30.391
30.363
30.307
30.229
30.224
30.26
91.66
90.759
95.046
88.797
99.484
101.35
99.347
101.33
57.216
47.076
46.04
48.465
35.659
39.903
35.228
39.854
46.728
49.273
46.654
49.489
49.958
55.874
49.631
56.132
60.068
65.381
59.965
65.172
68.152
66.779
67.801
66.913
66.871
60.848
66.485
61.024
69.283
67.141
69.241
67.313
66.096
56.441
65.931
56.447
64.389
54.237
64.691
54.322
64.801
54.164
64.669
54.141
61.03
54.924
61.012
55.192
63.264
61.312
63.054
61.672
61.189
57.401
61.534
57.392
61.855
56.293
61.79
55.984
64.984
55.372
65.199
55.59
61.31
56.882
61.14
56.824
61.12
59.959
61.091
59.793
62.251
58.221
62.131
57.766
60.514
57.529
60.192
56.864
64.592
60.895
64.636
60.445
60.744
54.475
60.655
53.999
62.019
53.693
62.007
53.342
62.875
54.113
63.05
54.045
58.772
54.241
59.047
53.787
59.544
60.513
59.474
60.341
62.189
55.397
62.136
55.041
64.357
56
64.39
55.095
67.351
56.35
67.443
56.213
63.182
55.233
63.062
55.243
62.265
56.949
62.118
57.021
62.75
55.018
62.452
54.567
60.706
55.413
60.44
54.678
63.604
58.752
63.385
58.403
60.651
53.869
60.73
53.204
61.618
52.571
61.828
52.128
62.62
51.684
63.214
51.076
61.755
49.368
61.931
48.917
62.026
49.575
62.129
49.469
62.874
46.722
63.064
46.276
63.742
46.256
63.693
45.779
66.002
48.351
66.147
48.55
62.864
44.17
62.934
44.374
62.339
42.36
62.348
42.115
64.9
41.34
65.281
40.923
63.292
40.445
63.518
39.734
63.735
44.875
63.618
44.749
60.812
38.215
61.307
37.681
61.777
37.586
62.042
36.361
64.119
35.996
64.517
35.319
63.155
36.615
63.521
35.684
63.581
39.442
63.226
39.39
62.095
36.503
62.497
35.567
63.515
36.539
63.899
35.574
65.679
39.276
65.848
38.75
62.255
38.722
62.792
38.042
61.369
39.883
61.945
39.684
62.924
40.607
63.312
39.917
65.705
41.415
66.12
40.73
66.098
44.843
66.29
44.491
63.298
42.693
63.622
42.088
