30.548
30.606
31.104
30.415
37.361
32.009
32.067
33.081
51.473
58.229
56.095
40.951
37.834
37.466
31.827
42.297
30.892
30.553
30.328
30.602
30.891
30.554
30.271
30.676
31.029
30.842
30.621
30.788
31.251
30.744
30.755
31.128
31.303
30.914
30.639
31.625
31.404
31.069
30.944
31.192
31.523
31.072
31.085
31.295
33.181
31.309
31.143
31.558
31.268
31.325
31
31.362
31.786
31.558
31.496
31.583
32.038
31.562
31.443
31.823
32.028
31.841
31.738
31.815
32.113
31.872
31.698
31.993
32.372
32.054
31.95
32.252
32.327
32.032
31.823
32.173
32.533
32.119
32.207
32.243
32.656
32.286
32.228
32.521
32.764
32.409
32.314
32.577
32.899
32.676
32.598
32.725
32.78
32.716
32.627
32.631
33.225
32.91
32.721
32.991
32.972
33.094
32.954
33.053
33.151
33.02
32.905
33.243
33.373
33.289
33.186
33.439
33.606
33.353
33.159
33.425
33.511
33.578
33.458
33.516
33.824
33.629
33.421
33.693
34.033
33.627
33.667
33.672
34.185
33.919
33.73
34.137
34.229
33.875
33.804
33.907
34.378
34.114
34.016
34.294
34.542
34.115
34.046
34.209
34.184
34.366
34.246
34.597
34.724
34.348
34.276
34.536
34.879
34.482
34.44
34.634
34.955
34.565
34.539
34.725
34.944
34.715
34.568
34.676
35.174
34.872
34.821
35.194
35.214
34.94
34.915
35.376
35.361
34.977
34.803
35.305
35.625
35.212
35.161
35.522
35.596
35.193
35.174
35.565
35.744
35.366
35.197
35.757
35.879
35.499
35.405
35.849
35.986
35.515
35.546
35.947
36.106
35.698
35.509
36.111
36.19
35.799
35.798
35.815
36.196
35.902
35.796
36.2
36.451
35.883
35.774
36.417
36.505
35.991
36.021
36.28
36.602
36.163
36.129
36.568
36.8
36.132
36.114
36.534
36.812
36.376
36.411
36.786
36.848
36.118
36.298
36.944
36.998
36.638
36.538
37.073
30.369
36.742
36.777
30.366
30.33
36.81
36.638
30.25
30.303
37.037
36.888
30.255
30.234
37.169
36.85
30.334
30.344
37.233
37.032
30.307
30.248
37.283
37.31
30.295
30.253
37.527
37.485
30.307
