30.435
30.506
30.704
30.73
32.326
37.215
31.928
31.499
63.615
59.807
62.01
56.946
55.101
40.215
59.802
59.919
31.446
31.283
30.56
30.555
31.434
31.704
30.527
30.283
31.612
31.546
30.332
30.304
31.691
31.847
30.515
30.537
31.868
31.898
30.556
30.414
31.713
32.089
30.796
30.728
31.936
32.296
30.787
30.754
31.907
32.413
31.012
30.86
32.277
32.516
31.088
30.947
32.311
32.619
31.141
31.04
32.497
32.743
31.264
31.084
32.753
32.882
31.41
31.119
32.8
32.952
31.55
31.445
32.836
33.056
31.615
31.566
32.725
33.159
31.659
31.714
33.104
33.362
31.772
31.68
33.072
33.354
32.02
32.006
33.414
33.642
32.141
31.881
33.505
33.744
32.27
32.176
33.549
33.707
32.376
32.439
33.773
33.939
32.527
32.414
33.845
34.007
32.713
33.294
33.998
34.105
32.652
32.751
34.12
34.278
32.886
32.808
33.881
34.317
32.883
32.828
34.412
34.69
33.148
32.95
34.314
34.608
32.8
33.108
34.41
34.689
33.22
33.144
34.766
34.948
33.435
33.197
34.749
34.955
33.506
33.535
34.891
35.235
33.646
33.63
34.94
35.243
33.619
33.726
35.055
35.307
33.799
33.75
35.337
35.587
33.867
33.946
35.335
35.533
34.101
33.981
35.503
35.777
34.136
34.043
35.526
35.812
34.31
34.313
35.598
35.961
34.353
34.298
35.946
36.106
34.435
34.421
35.867
36.193
34.477
34.507
35.951
36.456
34.688
34.694
36.181
36.421
34.847
34.77
36.314
36.532
34.96
34.768
36.466
36.652
34.965
34.961
36.614
36.776
35.129
35.229
36.479
36.808
34.988
35.047
36.83
36.995
35.34
35.258
36.849
37.008
35.425
35.417
37.058
37.142
35.528
35.471
37.153
37.378
35.769
35.459
37.151
37.375
35.796
35.685
37.246
37.608
35.936
36.092
37.392
37.614
35.824
36.188
37.543
37.755
36.138
36.033
37.654
37.939
36.192
36.075
37.758
37.996
36.453
36.182
37.862
38.095
36.134
36.299
38.126
38.233
36.523
36.394
38.028
38.346
36.594
36.644
38.171
38.288
36.65
36.461
38.439
38.63
37.516
36.79
38.172
38.603
36.928
36.713
