30.563
30.348
31.14
30.542
31.881
32.3
31.582
36.671
75.841
74.789
74.689
74.882
74.949
60.591
69.308
61.362
38.175
39.607
38.049
55.349
38.053
38.19
38.315
38.118
38.023
38.167
38.224
38.061
38.127
38.222
38.085
38.028
38.22
38.205
38.215
38.405
38.299
38.409
38.433
38.085
38.315
38.336
38.426
38.527
38.613
38.495
38.519
38.707
38.435
38.535
38.412
38.692
38.498
38.648
38.536
38.584
38.847
38.859
38.999
39.011
38.748
38.936
39.518
39.078
38.851
38.966
38.957
39.012
38.879
38.765
39.112
38.965
38.784
39.103
39.04
39.156
38.956
39.239
39.023
39.17
39.064
39.193
39.06
39.206
39.059
39.354
39.161
39.11
39.034
39.227
39.036
39.432
39.308
39.603
39.341
39.737
39.321
39.557
39.457
39.54
39.288
39.683
39.262
39.694
39.392
39.871
39.529
40.035
39.3
40.021
39.514
39.93
39.447
39.819
39.378
40.17
39.577
40.097
39.793
40.168
39.664
40.047
39.66
40.064
39.596
40.331
39.729
40.01
39.77
40.274
39.764
40.34
39.749
40.282
39.797
40.312
39.931
40.484
39.946
40.435
39.923
40.59
39.959
40.299
40.044
40.545
40.174
40.707
40.157
40.543
40.253
40.531
40.177
40.783
40.266
40.768
40.281
40.88
40.363
40.976
40.263
40.944
40.32
40.846
40.294
41.058
40.491
41.255
40.386
41.02
41.097
40.991
40.5
41.131
40.751
41.055
40.57
41.198
40.71
41.199
40.622
41.329
41.391
41.126
40.624
41.3
40.747
41.523
40.731
41.416
40.858
41.339
40.745
41.385
40.809
41.304
40.873
41.226
40.897
41.22
40.898
41.296
40.983
41.293
41.02
41.5
41.047
41.55
41.135
41.539
41.201
41.521
41.096
41.397
41.18
41.494
41.012
41.614
41.323
41.605
41.25
41.628
41.223
41.614
41.196
41.718
41.875
41.762
41.499
41.724
41.503
41.759
41.373
41.757
41.593
41.774
41.534
41.831
41.602
41.764
41.583
41.842
41.699
41.878
41.448
41.944
41.701
42.023
41.669
41.883
41.831
41.951
41.703
42.069
41.685
42.002
41.85
42.199
41.948
42.175
41.971
42.412
41.981
42.237
