30.471
30.495
30.377
31.109
36.201
36.015
32.164
31.855
61.443
59.527
61.995
49.918
50.535
68.656
66.502
61.224
46.38
46.057
46.027
45.868
46.919
46.516
46.948
46.546
47.505
47.148
47.661
47.295
48.516
48.035
48.362
48.006
49.236
48.56
49.089
48.758
49.944
49.532
49.405
50.825
50.684
49.875
50.558
50.245
51.446
50.873
51.296
50.868
51.95
51.517
51.838
51.458
52.641
52.24
52.6
52.201
53.225
52.674
53.323
52.867
54.033
53.407
53.924
53.536
54.82
54.005
54.399
54.33
55.246
54.929
55.359
54.816
55.974
55.254
55.995
55.503
56.722
56.076
56.518
56.241
57.15
56.66
57.199
56.714
57.844
57.528
57.674
57.411
58.392
57.998
58.393
57.985
58.976
58.487
58.843
58.683
59.599
59.23
59.597
59.248
60.242
59.693
60.085
59.871
60.686
60.417
60.572
60.38
61.325
60.916
61.169
61.018
61.925
61.517
61.722
61.507
62.466
62.041
62.519
62.018
44.587
44.026
44.652
44.392
44.703
44.845
44.9
44.517
45.484
45.554
45.428
45.51
46.146
46.43
46.292
46.068
46.9
47.124
46.907
47.079
47.537
47.895
47.901
47.714
48.134
48.63
48.108
48.436
49.111
49.347
48.958
49.051
49.798
50.095
49.477
49.814
50.345
50.801
50.063
50.488
51.174
51.553
50.973
51.344
51.444
52.257
51.884
51.906
52.381
52.861
52.657
52.673
53.24
53.508
53.371
53.418
53.747
54.115
53.932
53.857
54.48
54.76
54.559
54.597
55.447
55.513
55.322
55.261
55.645
56.156
56.024
55.976
56.18
56.732
56.495
56.357
56.999
57.371
57.19
57.216
57.579
57.857
57.657
57.672
57.997
58.538
58.271
58.223
58.694
59.099
58.925
58.907
59.406
59.652
58.993
59.432
59.757
60.19
60.034
60.049
60.4
60.716
60.644
60.54
61.101
61.074
61.243
61.065
61.47
61.816
61.795
61.432
62.055
62.572
62.282
61.39
45.305
31.401
46.74
31.166
46.169
32.354
46.134
32.111
46.98
33.113
46.967
33.151
47.724
34.338
47.54
34.04
48.53
35.167
48.393
34.993
48.924
36.128
48.987
36.083
49.992
37.06
49.661
36.801
