60.459
60.424
60.455
60.415
61.289
61.192
60.401
60.878
60.407
60.884
91.275
88.573
87.506
88.174
91.767
90.623
60.17
72.655
66.397
64.332
68.276
68.759
73.289
73.171
77.002
76.79
90.949
88.788
62.064
61.587
68.952
68.834
81.426
79.715
78.137
78.144
81.974
81.775
87.725
87.494
78.067
80.209
68.15
67.987
72.308
71.959
84.725
84.397
78.291
78.261
81.669
81.684
89.682
88.447
62.574
62.898
69.417
69.183
77.155
77.016
81.759
81.712
83.089
83.001
87.785
87.41
92.26
87.189
69.37
69.069
74.161
73.876
82.373
81.803
79.279
79.258
80.814
80.796
86.198
86.226
91.417
94.267
63.389
63.16
69.021
68.789
82.122
81.502
78.157
77.922
82.884
82.717
87.935
87.995
75.118
86.61
64.762
64.658
72.39
72.162
81.609
81.783
81.669
81.26
89.386
88.964
86.522
82.128
73.13
72.723
78.597
78.376
89.125
88.322
61.901
64.406
63.231
63.047
70.815
70.173
