60.359
60.403
60.354
60.394
60.794
60.784
60.382
60.35
60.474
60.454
60.456
60.402
60.567
60.552
60.899
60.765
60.377
60.384
60.382
60.745
60.336
60.372
60.307
60.293
60.527
60.245
60.289
60.232
60.304
60.212
60.264
60.203
60.262
60.22
60.273
60.223
60.282
60.251
60.248
60.236
60.312
60.251
60.3
60.23
60.272
60.212
60.3
60.253
60.276
60.24
60.297
60.251
60.302
60.27
60.356
60.27
60.664
60.249
60.464
60.356
60.311
60.26
60.271
60.281
60.3
60.258
60.393
60.26
60.337
60.308
60.365
60.363
60.519
60.391
60.491
60.208
60.481
60.851
69.233
75.665
97.063
90.551
92.161
91.621
85.681
83.005
91.188
91.667
91.919
92.106
91.804
90.946
80.626
62.175
92.508
92.128
92.269
91.906
91.8
91.822
83.301
80.686
91.489
91.618
93.058
92.547
93.388
93.159
82.452
82.402
63.394
63.227
60.653
60.281
60.194
60.235
60.401
60.274
60.646
60.302
