60.315
60.32
60.315
60.421
61.804
61.008
60.481
60.553
60.437
60.677
60.916
64.851
60.429
61.896
65.481
60.465
63.563
60.348
64.373
60.513
62.294
61.22
67.247
62.191
65.6
61.939
63.008
62.904
60.68
60.973
60.403
60.522
62.957
60.44
67.211
60.926
63.325
60.521
60.938
60.379
65.148
60.295
66.713
60.331
66.822
60.706
62.634
62.691
65.79
60.932
64.176
60.687
66.393
68.216
66.48
65.831
61.838
62.726
60.59
61.268
60.473
60.538
60.563
60.443
63.363
60.366
66.89
60.426
62.894
60.577
60.634
60.311
60.582
62.131
61.19
61.131
60.625
60.842
64.838
60.851
68.967
63.789
66.951
63.384
61.52
60.655
60.387
60.423
60.31
60.308
60.287
60.287
60.292
60.307
60.272
60.339
60.587
60.436
62.7
60.645
60.415
63.786
60.333
71.28
60.326
66.28
60.297
66.197
60.24
61.053
66.782
60.502
64.547
60.759
63.574
60.534
60.67
60.384
60.496
61.094
