60.368
60.418
60.365
60.418
61.694
60.89
60.573
60.43
60.522
60.449
60.553
60.386
60.506
60.343
60.448
60.355
60.461
60.337
60.456
60.345
60.479
60.346
60.416
60.331
60.469
60.358
65.885
65.568
60.692
60.448
60.496
60.367
60.381
60.338
60.44
60.341
60.418
60.421
60.414
60.327
60.404
60.303
60.474
60.32
60.43
60.313
60.392
60.294
60.489
60.375
60.383
61.082
60.378
60.267
60.389
60.289
60.411
60.316
60.445
60.329
60.506
60.272
60.467
60.271
60.42
60.306
60.396
60.313
60.443
60.316
60.444
60.257
60.393
60.338
60.385
60.413
60.377
60.244
60.347
60.234
60.387
60.222
60.454
60.321
60.401
60.329
60.675
60.226
60.507
60.314
60.425
60.241
60.347
60.262
60.364
60.261
60.509
60.268
60.37
60.24
60.578
60.362
60.413
60.242
60.462
60.247
60.394
60.255
61.092
60.387
60.225
60.207
60.27
60.195
60.288
60.31
60.314
60.188
60.375
60.251
