60.393
60.471
60.371
60.471
60.371
60.471
60.371
60.471
61.34
62.716
60.628
60.51
60.165
60.266
60.218
60.255
60.261
60.475
60.43
60.336
63.251
60.296
61.401
60.292
70.686
60.327
70.426
60.355
63.775
60.575
66.863
64.051
64.838
62.177
63.843
60.59
70.772
61.284
68.915
62.249
65.362
64.703
69.08
67.773
64.817
64.331
69.303
60.845
65.195
60.379
63.895
60.463
61.536
60.38
63.122
67.382
67.669
63.18
66.244
61.192
68.14
62.212
63.864
65.469
62.122
71.562
62.122
66.204
95.338
66.952
83.749
67.783
76.77
63.731
68.805
66.758
67.039
69.778
63.061
64.774
67.473
62.664
64.542
63.572
63.989
66.268
61.75
66.02
60.624
67.72
62.251
63.68
62.755
67.331
63.537
65.314
61.809
67.053
61.162
62.032
66.14
60.727
67.132
60.381
71.68
60.401
62.335
60.411
60.748
65.162
60.345
62.963
