60.395
60.438
60.961
60.534
61.895
61.058
60.696
60.545
60.338
60.271
60.4
60.385
60.252
61.592
60.469
60.453
60.398
60.38
60.295
60.336
61.108
60.448
60.415
60.533
60.234
61.396
60.306
61.083
61.298
60.694
60.385
61.478
60.427
60.596
60.862
62.444
60.727
64.954
61.919
63.056
65.19
62.177
60.787
61.875
61.57
61.853
62.848
60.5
61.352
60.508
67.179
60.813
62.936
60.304
61.793
61.587
65.327
62.093
61.502
61.205
66.644
61.193
60.984
60.378
61.172
60.728
61.147
61.407
61.385
61.153
66.436
60.767
61.383
60.398
61.134
60.696
65.386
61.109
61.615
60.456
65.27
60.346
60.511
60.655
60.257
60.815
60.522
60.663
60.643
60.28
60.856
60.564
60.423
60.434
60.429
60.367
60.503
60.394
60.612
60.485
62.092
65.318
60.913
60.893
60.502
60.582
60.374
60.461
62.069
60.489
60.501
60.359
60.343
60.471
61.877
60.528
65.148
60.528
60.735
60.542
