60.342
60.322
61.17
60.416
61.693
60.888
60.572
60.455
60.54
60.446
60.467
62.356
66.055
60.427
64.968
60.477
61.291
61.328
64.138
61.516
63.256
67.004
70.252
61.542
67.567
60.693
69.911
70.024
62.81
62.336
65.124
65.492
60.944
63.221
63.057
60.96
61.527
62.482
64.2
63.148
60.963
61.457
60.419
60.4
62.668
65.091
60.667
68.1
60.41
66.055
61.197
69.712
60.878
61.444
62.19
60.471
62.954
60.417
60.708
61.421
64.219
68.862
60.562
64.911
60.451
62.758
60.645
63.043
60.882
63.431
63.815
71.955
63.281
63.937
64.002
60.844
63.376
60.744
61.424
60.414
63.9
60.43
66.404
66.103
62.904
68
63.553
62.751
61.359
61.797
62.616
71.327
60.653
65.056
60.815
62.03
62.331
63.973
67.521
67.345
66.194
62.841
60.79
60.735
60.46
70.085
60.49
64.707
61.384
73.373
65.215
71.158
60.769
65.151
63.319
61.82
60.614
69.278
60.382
64.86
