60.354
60.375
60.433
60.923
60.962
61.791
60.448
60.549
60.66
60.53
61.635
60.362
64.519
63.832
61.387
61.227
67.25
61.233
61.133
60.491
60.548
60.381
60.494
61.065
61.568
60.421
62.045
60.821
62.235
61.426
61.83
60.846
62.472
60.593
62.122
60.84
63.411
65.857
62.671
60.433
61.734
60.305
60.679
60.924
60.92
60.487
60.627
65.446
60.559
60.513
60.361
60.453
60.617
60.574
60.813
60.446
61.28
60.326
60.495
60.586
60.503
60.477
60.409
60.625
62.008
60.289
63.286
60.488
60.807
60.527
67.421
60.579
61.582
60.613
60.654
60.548
64.415
60.521
61.242
60.501
65.723
60.585
61.453
60.3
60.955
60.542
61.259
60.402
60.841
60.462
61.907
65.659
60.324
60.574
60.243
62.428
60.259
63.231
60.234
63.454
65.823
61.139
60.284
60.684
60.257
60.4
60.544
60.673
60.232
61.185
60.257
62.748
60.248
60.876
61.019
62.475
60.199
60.46
60.303
60.638
60.337
62.528
