60.481
60.481
60.481
60.481
60.481
60.481
60.481
60
60.481
60.04
60.481
60.04
60.481
60.086
60.47
61.553
60.805
61.912
61.043
61.912
60.732
61.912
60.667
61.912
61.585
61.912
63.504
61.912
61.172
61.673
61.423
61.589
61.467
60.944
60.82
60.585
61.077
61.275
61.851
60.58
61.727
62.966
61.31
61.964
60.953
60.205
61.451
60.687
62.02
60.879
61.503
73.939
70.311
92.3
89.503
91.996
91.605
64.602
62.867
88.963
84.831
85.749
85.615
88.228
88.269
61.828
62.629
61.659
62.284
61.011
62.008
62.357
61.339
61.168
61.857
63.036
61.351
61.371
61.744
62.741
62.274
63.226
61.731
