60.493
60.457
60.493
60.448
62.235
63.151
60.293
60.43
60.287
60.36
60.466
60.527
60.371
60.445
60.433
60.491
60.283
60.373
60.303
60.421
60.315
60.422
60.348
60.426
60.288
60.329
60.305
60.375
60.295
60.386
60.348
60.456
60.6
60.303
60.264
60.363
60.3
60.378
60.283
60.378
60.337
60.514
60.257
60.398
60.297
60.387
60.279
60.437
60.281
60.356
60.251
60.357
60.226
60.422
60.295
60.392
60.343
60.502
60.251
60.282
60.246
60.356
60.274
60.289
60.297
60.439
60.311
60.414
60.415
60.377
60.436
60.578
60.271
60.303
60.278
60.409
