60.333
60.363
60.329
60.358
60.374
60.701
60.439
60.407
60.424
60.462
60.427
60.523
60.386
60.661
60.416
60.913
60.591
60.311
60.373
60.384
60.394
60.317
60.327
60.366
60.302
60.292
60.332
60.346
60.3
60.341
60.331
60.397
60.32
60.361
60.334
60.348
60.322
60.308
60.287
60.388
60.26
60.316
60.27
60.273
60.241
60.297
60.261
60.325
60.253
60.277
60.277
60.325
60.259
60.272
60.225
60.3
60.269
60.268
60.235
60.219
60.248
60.28
60.261
60.237
60.247
60.264
60.236
60.238
60.238
60.145
60.29
60.188
65.567
66.722
82.467
85.398
91.054
91.267
92.914
91.408
100.7
87.679
91.109
91.545
85.519
70.79
82.158
84.366
90.995
92.575
92.82
92.349
92.58
90.913
90.265
90.098
90.492
95.104
90.368
91.862
93.257
92.871
89.688
89.944
91.54
92.003
92.4
91.464
88.415
88.34
94.657
98.133
82.641
82.582
81.225
81.242
79.935
79.65
79.418
79.401
78.814
78.623
