60.464
60.433
60.449
60.433
61.598
61.727
60.614
60.711
60.561
60.593
60.45
60.527
60.524
60.569
60.545
60.562
60.495
60.563
60.486
60.6
60.412
60.523
60.441
60.429
60.47
60.518
60.432
60.494
60.355
60.474
60.37
60.488
60.303
60.386
60.786
60.694
60.44
60.528
60.519
60.533
60.546
60.629
60.391
60.411
60.443
60.547
60.395
60.459
60.402
60.514
60.393
60.563
60.382
60.448
60.479
60.584
60.382
60.466
60.692
61.146
61.645
60.289
60.538
60.431
60.759
60.505
60.502
60.575
60.532
60.505
60.365
60.413
60.453
60.511
60.372
60.455
60.401
60.515
60.282
61.333
60.334
60.432
60.342
60.383
60.323
60.431
60.337
60.485
60.312
60.372
60.309
60.46
60.347
60.455
60.331
60.436
60.267
61.013
60.372
60.433
60.283
60.349
60.288
60.42
60.265
60.464
60.401
60.357
60.253
60.82
60.309
60.384
60.318
60.534
60.28
60.36
60.292
60.354
60.236
60.382
60.25
60.365
