60.36
60.36
60.361
60.36
61.634
60.675
60.554
60.537
60.391
60.492
60.362
60.534
60.366
61.455
62.1
61.223
69.551
76.715
64.489
78.222
62.445
71.398
69.48
69.197
67.234
67.276
65.572
72.616
68.075
69.777
64.83
65.922
62.079
65.922
61.192
65.922
64.952
64.643
65.707
62.905
72.977
62.27
67.762
69.145
70.248
64.858
71.789
62.833
68.082
67.585
74.114
64.183
70.965
71.023
69.595
73.63
69.595
75.246
63.966
68.082
62.227
67.762
61.33
66.052
60.809
65.421
66.911
64.251
64.737
63.008
63.746
61.462
65.953
60.955
65.334
60.833
65.334
60.696
64.193
64.777
62.614
62.988
61.388
61.847
60.92
66.157
60.672
64.241
60.508
62.909
60.405
62.377
60.384
61.716
60.455
60.926
60.427
60.596
