60.363
60.341
60.345
60.326
60.251
61.208
60.77
60.561
60.477
61.036
61.968
60.698
60.775
61.295
60.972
60.985
61.236
62.334
61.612
60.847
60.408
60.619
60.709
60.896
61.369
61.352
61.531
60.949
61.135
61.443
60.835
60.786
61.298
60.889
60.973
61.776
61.878
61.018
60.96
61.555
60.707
60.744
60.403
62.423
60.46
60.807
61.361
60.794
60.517
60.602
61.024
61.132
60.952
61.268
60.554
61.268
60.488
60.971
60.937
61.457
61.089
61.073
61.094
60.393
60.507
61.021
60.997
60.307
60.952
61.024
60.786
60.408
61.372
61.18
60.87
60.426
60.288
60.906
60.918
61.309
61.07
61.419
60.976
61.111
61.197
61.191
60.922
60.388
60.45
61.125
61.744
60.671
60.657
60.788
61.129
60.408
60.932
60.448
60.457
61.376
61.442
63.116
61.253
60.886
61.046
60.827
