60.36
60.379
60.352
60.468
63.084
61.494
60.477
60.356
60.838
60.239
60.583
60.616
60.325
60.519
60.271
60.276
60.332
60.346
60.324
60.261
60.232
60.299
60.611
60.66
60.437
60.75
60.245
67.215
60.257
61.091
60.374
66.229
60.354
60.695
60.377
61.76
60.392
61.959
60.423
60.617
60.471
60.482
60.546
61.106
60.495
61.441
65.842
60.345
60.392
60.521
60.77
60.43
60.391
60.301
60.513
60.955
60.537
60.343
60.386
60.579
60.507
61.36
60.568
60.913
60.515
61.125
65.472
63.515
60.553
60.498
60.667
61.522
60.401
60.291
60.647
61.26
60.753
60.509
62.489
62.047
60.813
66.105
61.282
62.029
62.32
60.772
67.791
60.447
62.652
60.363
63.079
65.253
61.736
61.975
60.677
61.311
60.378
60.606
60.686
61.227
61.414
60.828
60.656
60.37
61.656
60.915
60.589
61.976
60.364
61.144
61.005
64.037
61.078
60.536
61.454
60.575
61.472
64.655
60.793
60.839
60.337
63.284
