60.427
60.432
60.416
60.432
61.2
60.661
60.499
60.395
60.376
60.273
60.314
60.331
66.566
65.464
61.307
61.22
60.435
60.407
60.966
61.432
60.396
61.376
60.775
66.082
61.158
60.803
61.034
60.344
60.354
60.645
61.194
61.045
63.753
60.269
61.09
60.329
65.193
60.365
60.606
60.559
60.883
60.307
60.512
60.927
61.255
60.497
66.441
60.342
61.156
60.919
60.85
60.627
60.605
60.565
60.744
60.493
65.698
65.877
61.063
60.918
61.127
60.562
60.876
60.7
60.821
60.613
65.295
65.87
60.801
60.596
60.424
65.639
60.647
60.563
60.318
60.681
65.069
62.464
60.654
60.544
60.281
60.559
60.542
60.361
60.58
60.435
60.242
61.489
60.429
60.348
64.857
64.749
60.573
60.308
60.495
60.373
60.393
60.292
60.384
60.346
60.473
64.104
60.381
60.363
60.507
60.616
64.763
60.343
60.28
60.453
60.435
64.123
60.316
60.402
60.593
60.519
61.303
60.232
60.298
60.288
