60.397
60.416
60.397
60.416
60.397
60.416
60.472
60.672
60.612
60.379
65.167
60.408
63.732
62.537
68.475
65.774
68.542
65.177
65.819
63.284
70.309
61.315
67.182
68.952
74.39
66.959
71.179
69.56
75.935
72.48
75.935
65.816
69.559
67.425
63.966
65.075
61.631
63.995
67.356
69.067
76.119
72.259
79.798
67.446
74.408
73.271
70.405
73.796
70.405
69.313
64.885
67.268
66.167
64.443
62.856
64.443
62.624
63.555
61.84
62.31
61.644
61.514
61.182
60.987
66.112
64.594
65.473
63.096
62.591
67.968
61.779
66.15
60.898
64.162
74.838
69.629
69.983
83.696
67.683
70.781
74.973
67.243
79.04
72.192
77.087
70.793
73.541
66.425
72.057
64.386
66.137
63.015
68.904
