60.357
60.437
60.357
60.466
62.693
62.457
60.613
60.676
60.448
60.482
60.894
60.943
60.391
60.364
60.512
60.552
60.584
60.564
60.36
60.387
60.494
60.383
60.564
60.638
60.505
60.537
65.852
60.486
60.499
60.503
60.664
60.807
62.502
60.533
60.5
60.587
61.39
65.975
60.423
62.152
61.199
60.709
65.922
60.87
60.567
61.416
60.362
60.943
60.456
60.583
60.891
60.455
60.398
60.401
60.382
60.77
60.418
60.752
60.914
60.903
60.389
60.95
61.659
60.855
61.357
60.978
61.383
61.075
61.437
61.586
61.403
61.07
65.937
60.847
61.428
60.871
60.751
60.88
60.832
61.101
61.24
61.355
61.494
62.705
60.619
60.91
61.387
60.886
61.422
61.488
61.499
61.157
60.976
61.132
61.692
60.455
60.802
60.676
60.618
60.45
60.508
60.726
60.797
60.542
62.123
61.041
61.555
61.021
60.971
60.933
61.292
60.656
60.488
60.354
60.345
60.381
60.494
60.397
60.409
60.379
