60.355
60.299
60.349
60.416
61.387
62.741
60.645
60.362
60.252
60.21
62.321
61.823
62.281
62.36
62.395
63.973
62.251
63.035
61.39
62.377
60.843
61.009
61.742
63.916
64.511
64.12
61.046
63.392
60.352
61.192
60.782
65.116
60.347
61.862
60.313
64.662
62.054
61.563
60.866
60.437
67.142
62.191
63.172
60.413
63.035
62.759
67.304
66.211
62.38
63.554
61.193
65.619
60.312
62.566
62.139
61.106
61.002
60.42
60.644
61.338
60.716
62.421
60.515
61.508
60.769
61.39
64.663
61.213
61.081
61.054
60.59
61.352
61.106
62.089
60.861
64.638
60.408
61.92
60.383
61.293
64.496
64.653
61.37
61.177
60.83
64.359
60.745
60.929
60.439
60.923
64.158
63.463
60.734
60.585
60.81
60.553
60.648
60.729
60.318
60.704
60.291
60.724
60.639
60.535
60.352
63.443
60.394
63.772
60.719
60.516
62.704
60.907
60.562
62.061
60.768
60.531
61.584
61.184
60.404
60.416
