60.433
60.456
60.416
60.456
61.827
60.98
60.457
60.425
60.371
60.351
60.735
60.359
60.458
60.327
62.412
60.704
62.701
60.798
65.451
60.716
61.468
61.461
61.415
61.59
63.987
64.089
67.907
62.98
65.163
63.896
66.909
61.96
61.654
61.962
61.123
64.645
65.762
65.833
62.02
64.283
63.513
68.838
60.761
61.979
60.59
62.501
60.309
64.498
60.291
62.766
60.271
70.499
60.405
65.118
60.644
64.629
68.878
63.788
66.798
65.525
69.702
66.417
63.528
62.813
61.7
64.213
61.025
65.479
60.56
66.633
60.448
62.564
60.321
62.288
63.549
62.328
66.551
63.279
68.232
61.458
68.622
61.446
65.226
60.918
61.169
64.614
60.42
62.448
60.245
60.602
61.192
60.551
60.435
62.669
60.283
63.049
60.272
64
60.637
61.935
60.885
63.471
60.35
63.981
61.624
63.268
60.305
63.598
60.287
61.222
60.768
60.784
62.989
60.423
64.551
62.406
66.834
60.973
67.785
63.796
