60.45
60.393
60.45
60.399
60.51
60.502
60.483
60.547
60.447
60.534
60.449
60.462
60.382
60.44
60.655
60.679
60.331
60.43
60.317
60.899
60.534
60.435
60.343
60.383
60.367
60.422
60.355
60.418
60.314
60.371
60.316
60.3
60.319
60.311
60.306
60.376
60.317
60.364
60.235
60.316
60.26
60.329
60.298
60.355
60.351
60.405
60.35
60.419
60.288
60.341
60.272
60.304
60.25
60.29
60.275
60.34
60.295
60.293
60.273
60.271
60.268
60.259
60.237
60.264
60.193
60.242
60.198
60.416
67.072
64.744
89.296
87.227
93.402
90.289
78.612
98.982
91.623
96.385
91.449
96.877
91.351
96.877
91.66
96.142
88.231
95.374
91.884
91.746
91.843
91.125
93.204
90.601
94.145
94.814
94.511
99.533
66.34
80.341
93.009
90.664
91.932
91.473
92.189
91.344
91.623
92.324
92.31
91.97
93.112
91.161
94.769
91.829
81.776
81.639
67.135
66.642
60.438
60.194
60.322
60.2
