60.042
60.413
60.293
60.83
60.397
60.717
63.123
65.827
75.404
63.424
78.045
62.231
69.426
61.137
75.402
67.556
70.415
64.048
68.075
62.843
68.075
62.843
68.075
62.843
68.075
69.547
68.075
65.087
68.075
65.087
68.075
79.498
128.189
77.061
127.272
77.061
115.046
71.523
92.429
66.09
92.429
63.723
92.429
61.553
92.429
60.935
88.375
63.091
76.809
67.026
66.795
69.057
63.658
67.06
62.053
73.089
62.053
73.089
62.053
73.089
61.477
68.871
61.22
66.064
75.836
64.691
72.165
63.248
73.993
62.528
77.419
61.875
71.816
68.145
68.048
65.551
68.048
70.961
68.048
67.421
68.048
65.119
68.048
69.495
68.048
76.971
68.048
74.85
63.799
74.85
