60.044
60.044
60.044
60.044
60.044
60.044
60.044
60.044
60
60.044
60.042
61.341
61.052
61.307
61.512
60.494
61.828
61.165
61.909
61.181
61.149
61.054
61.683
61.76
61.193
60.807
61.034
61.331
61.322
61.331
61.04
61.331
61.059
61.331
61.463
61.331
61.828
61.331
61.793
61.165
61.495
60.536
61.35
61.192
61.309
61.369
61.586
62.49
60.828
62.233
60.793
61.365
61.086
61.675
61.378
61.006
60.453
61.464
60.973
60.457
62.66
61.149
60.544
61.892
61.051
60.76
60.902
61.114
61.017
61.09
61.345
60.839
61.907
62.297
61.734
61.507
60.749
61.622
60.645
60.919
60.684
60.612
61.131
