60.385
60.405
60.389
60.405
60.436
60.439
60.531
60.535
60.571
60.538
60.338
60.366
60.319
60.318
60.365
60.371
60.228
60.256
60.38
60.801
60.245
60.273
60.217
60.265
60.263
60.244
60.23
60.26
60.214
60.237
60.255
60.254
60.267
60.254
60.266
60.256
60.228
60.249
60.223
60.3
60.255
60.668
60.321
60.365
60.958
61.013
61.938
60.327
60.285
60.34
60.205
60.283
60.214
60.332
60.258
60.364
60.405
60.498
60.535
61.059
60.387
62.085
60.351
62.185
60.531
63.328
66.14
66.227
81.166
78.393
91.684
90.442
90.031
94.989
90.901
90.554
91.559
90.985
90.542
78.198
89.564
89.143
92.281
93.551
91.816
92.806
91.96
93.661
91.243
93.571
90.338
90.316
92.493
90.272
91.328
93.024
91.074
91.73
91.978
92.672
61.957
62.082
66.413
66.617
60.268
60.235
60.281
60.285
60.321
60.213
60.267
60.253
60.252
60.25
60.256
60.181
60.247
60.226
60.27
60.228
