60.376
60.362
60.376
60.347
60.376
60.347
60.454
60.436
60.506
60.536
60.506
60.466
60.567
65.074
60.567
64.544
60.567
64.226
60.567
68.156
60.567
69.711
60.567
66.676
60.567
66.676
60.567
66.676
60.567
64.13
60.567
62.632
60.567
61.516
60.567
61.089
60.567
66.67
60.567
70.358
216.743
75.469
121.748
76.67
96.364
73.563
76.571
71.975
69.939
68.172
73.873
70.474
68.037
71.114
62.779
75.66
63.297
72.076
62.056
72.076
61.316
68.192
61.009
63.905
65.863
61.969
66.275
69.098
64.93
74.619
77.606
74.619
70.54
64.732
69.222
61.582
71.768
61.634
67.419
61.179
68.12
60.845
63.781
60.582
61.925
65.045
69.823
73.311
64.922
69.01
67.628
69.01
73.618
99.686
68.169
83.421
74.639
70.681
74.639
68.344
79.547
66.505
67.907
81.231
