60.382
60.408
60.955
60.509
63.043
61.549
60.516
60.433
60.883
60.299
60.598
60.33
60.344
60.263
60.282
60.304
60.286
60.323
60.348
60.377
60.272
60.877
60.431
60.371
60.234
61.031
60.333
60.433
60.404
60.418
60.356
60.479
60.443
60.662
60.526
60.347
60.299
60.369
60.362
60.405
60.266
61.859
60.401
60.383
60.467
65.416
60.598
60.57
60.679
60.698
60.743
60.556
60.52
60.451
60.629
60.488
60.3
60.667
60.51
65.395
60.461
60.438
60.341
60.612
60.406
62.304
60.45
60.548
60.465
60.322
60.319
60.417
60.507
60.533
60.345
60.294
60.538
60.417
60.602
60.337
60.452
60.376
60.623
65.271
60.481
60.45
60.481
60.257
60.356
60.316
60.716
60.307
60.304
60.277
60.453
60.284
60.826
64.946
62.1
60.508
60.587
60.342
60.51
60.471
60.721
60.373
64.683
64.946
60.434
60.557
60.77
60.306
64.075
60.527
60.616
60.37
60.556
64.794
60.618
60.543
