60.399
60.433
60.972
60.542
63.027
61.441
60.298
60.384
60.356
60.322
61.078
60.324
60.984
60.337
60.495
60.452
60.504
60.535
60.96
61.557
60.862
66.07
61.002
62.194
60.464
64.837
60.517
65.226
60.965
60.624
60.93
60.515
60.372
60.469
60.394
63.523
60.421
61.083
60.438
60.529
60.43
60.843
60.47
61.476
60.551
61.354
60.986
60.933
62.242
60.414
60.801
61.25
65.752
61.704
61.338
61.338
60.521
61.256
61.475
60.612
60.447
60.379
60.423
60.391
61.335
62.588
60.725
60.902
60.516
61.366
60.355
60.777
60.303
60.603
60.426
61.679
60.477
60.503
66.928
62.328
64.171
61.429
69.088
61.692
64.49
60.664
63.193
65.914
62.638
61.427
61.542
60.624
60.91
67.346
60.817
61.831
61.842
69.692
60.929
61.168
60.415
60.488
60.838
60.378
60.738
60.409
60.411
60.418
60.355
60.826
60.861
60.453
60.984
60.404
60.541
60.403
60.504
63.314
60.465
61.357
60.646
61.466
