60.353
60.308
60.533
60.887
61.451
62.965
60.344
60.46
60.273
60.293
60.289
60.607
60.751
60.553
60.565
60.884
60.827
60.396
61.837
60.896
60.635
60.935
60.336
60.719
61.135
61.338
62.721
61.665
61.49
64.074
61.371
61.3
60.678
64.624
62.954
62.711
63.664
64.185
62.892
62.022
64.307
63.281
62.073
62.024
60.596
65.993
66.927
63.576
62.341
63.951
62.307
64.673
60.884
63.015
60.474
64.416
60.398
65.131
60.312
65.109
60.378
64.017
63.98
62.633
61.32
63.576
60.701
64.184
65.578
60.938
61.278
61.698
60.355
61.335
60.281
62.922
60.229
61.502
60.578
62.843
60.392
61.357
64.059
62.641
62.906
60.527
66.015
60.398
62.775
61.693
60.908
60.753
61.747
60.802
60.472
60.832
60.302
60.638
60.32
61.404
61.063
60.966
60.944
60.624
60.447
60.492
67.522
60.388
63.832
63.178
61.12
60.9
62.399
60.39
62.202
60.359
64.843
62.106
62.528
60.547
