60.405
60.438
60.392
60.433
60.466
60.773
60.546
60.445
60.493
60.677
60.652
60.663
60.72
60.526
61.11
61.053
60.938
61.048
60.387
60.387
60.439
60.837
60.548
60.369
60.215
60.266
60.804
60.241
60.439
60.757
60.229
60.307
60.212
60.594
60.277
60.348
60.323
60.374
60.36
60.413
60.447
60.439
60.274
60.274
60.781
60.831
60.273
60.25
60.474
60.462
60.429
60.339
60.269
60.247
60.319
60.272
61.173
60.273
60.245
60.247
60.276
60.232
60.308
60.474
60.293
60.197
60.316
60.229
60.233
60.187
60.304
60.217
60.357
60.202
60.324
60.241
60.309
60.217
60.268
60.631
61.007
61.121
60.608
60.99
60.305
60.201
60.295
60.177
61.062
61.253
60.976
60.177
60.333
60.166
60.324
60.177
60.326
60.168
60.327
60.179
60.296
60.188
60.29
60.205
60.307
60.188
60.27
60.179
60.269
61.115
60.335
64.517
64.381
60.174
60.302
60.273
