60.483
60.417
60.561
60.975
60.978
61.771
60.343
60.463
60.247
60.341
61.71
60.259
61.094
60.345
61.663
61.559
63.506
61.439
64.704
60.412
68.715
61.129
62.448
60.434
64.164
61.434
68.269
66.519
62.058
60.757
62.277
60.386
61.587
60.583
60.731
61.201
60.856
60.474
60.594
60.694
62.481
60.52
61.241
60.606
62.785
60.347
63.686
63.342
62.827
62.745
65.35
67.523
63.328
65.574
67.134
65.862
61.438
66.435
64.394
65.684
63.397
62.262
62.283
60.881
60.558
71.11
60.305
63.5
60.272
64.334
60.284
62.764
60.304
60.794
60.224
63.477
60.278
63.524
60.232
61.614
60.96
66.237
62.07
61.233
64.911
65.58
66.114
65.778
65.719
63.96
61.573
67.803
61.003
61.13
63.858
65.36
66.893
60.695
63.263
61.231
63.624
63.089
61.831
61.589
60.431
65.996
61.267
62.082
60.376
66.443
60.26
63.098
60.274
60.717
60.433
63.103
