60.419
60.419
60.419
60.419
60.419
60.419
60.419
60.419
1064
60.416
732.729
61.251
113.887
60.733
63.107
60.764
61.787
61.211
61.506
60.629
60.821
60.417
60.772
61.483
60.442
61.169
61.036
60.497
60.637
66.094
60.578
61.309
61.109
61.876
60.917
65.113
61.202
68.54
60.716
61.051
60.291
66.25
60.378
62.473
60.263
61.939
61.234
63.782
61.051
62.481
61.166
64.901
60.317
66.522
61.498
63.971
61.36
61.228
61.057
63.051
60.734
60.999
61.244
61.277
61.426
61.307
60.749
64.254
61.165
61.316
60.65
61.016
61.021
61.305
61.178
61.102
61.075
61.299
61.179
61.014
61.163
60.937
60.421
60.875
61.112
61.802
60.839
61.402
60.735
61.168
60.499
60.998
60.579
60.879
61.326
60.777
60.806
61.565
62.976
60.887
61.07
