60.372
60.342
60.37
60.339
60.926
60.872
60.393
60.699
60.561
60.826
60.598
60.45
61.173
62.699
60.322
60.602
60.494
60.28
60.628
60.262
60.439
60.257
60.305
60.896
60.301
60.247
60.329
60.371
61
60.244
60.322
60.243
60.301
60.288
60.453
60.901
60.47
60.344
60.375
60.596
60.339
60.335
60.329
60.341
60.562
60.448
60.392
60.395
60.332
60.835
60.437
60.267
60.337
60.53
60.675
60.335
60.267
60.337
60.412
61.212
60.458
60.228
60.343
60.342
60.336
60.242
60.353
60.236
60.718
60.217
60.226
60.216
60.831
61.095
60.348
60.274
60.307
60.241
60.35
60.252
60.355
60.291
60.939
60.239
60.246
60.229
60.311
60.22
60.574
60.272
60.215
60.232
60.213
60.266
60.29
60.202
60.205
61.067
60.24
60.265
60.203
60.342
61.129
60.258
60.312
60.233
60.4
60.255
60.868
60.241
65.289
60.198
61.472
60.781
60.211
60.212
60.196
60.231
60.19
60.187
