60.453
60.453
60.453
60.453
60.453
60.453
60.453
61
60.453
61.263
60.532
63.653
61.386
60.774
62.776
60.405
60.263
63.435
60.222
61.568
60.29
60.8
60.199
60.518
60.209
64.684
60.203
66.189
60.22
65.459
60.29
67.118
60.276
75.55
63.666
67.128
61.015
65.973
60.733
64.226
60.612
67.515
60.612
65.454
60.66
63.741
60.434
70.319
60.359
68.412
60.293
69.143
64.953
73.854
63.949
67.784
62.424
66.332
65.803
66.024
61.95
63.371
61.021
66.004
60.69
64.176
66.839
67.942
68.465
64.342
67.382
63.485
64.525
61.796
74.436
65.259
69.726
62.604
72.494
62.177
77.359
66.487
74.061
65.088
67.574
69.87
65.25
81.861
75.419
86.767
69.286
75.924
72.347
71.637
76.221
66.976
72.468
