60.485
60.402
60.485
60.401
60.315
60.344
60.36
60.443
60.394
60.416
60.379
60.392
60.32
60.221
60.403
60.382
60.666
60.622
60.262
60.237
60.243
60.21
60.261
60.222
60.251
60.217
60.244
60.21
60.232
60.217
60.254
60.204
60.257
60.205
60.238
60.204
60.241
60.208
60.242
60.229
60.227
60.213
60.216
60.217
60.201
60.224
60.249
60.25
60.253
60.24
60.263
60.254
60.235
60.236
60.227
60.365
60.32
60.284
60.226
60.255
60.284
60.236
60.336
60.191
60.287
60.193
60.26
60.229
63.955
63.953
67.625
65.903
81.802
79.767
93.861
90.525
93.2
98.549
87.396
101.9
90.587
104.923
92.809
101.651
65.681
101.651
69.77
109.535
89.256
90.1
95.204
92.223
89.715
91.124
94.864
90.506
92.223
93.717
77.106
78.109
92.613
90.476
91.901
94.263
91.687
91.206
91.453
90.422
83.169
83.143
67.094
66.975
60.194
60.218
60.211
60.208
61.309
60.255
60.366
60.202
