60.435
60.388
60.425
60.377
61.336
61.216
60.397
60.407
60.22
60.381
91.738
86.061
87.136
88.963
71.501
81.987
75.907
75.447
81.597
81.062
82.879
83.101
82.048
81.73
86.847
88.559
92.137
90.859
61.087
69.075
64.294
63.888
73.57
69.749
70.779
71.438
75.215
74.862
76.933
76.962
79.795
81.891
75.392
75.33
77.763
77.646
90.495
88.445
75.115
75.165
78.363
77.98
86.935
84.472
66.179
69.127
69.317
69.184
72.51
72.464
76.565
77.472
77.609
77.523
81.128
81.063
90.322
88.191
76.111
75.921
81.285
80.962
90.737
89.551
62.724
68.532
66.512
66.451
69.998
69.764
74.324
74.33
77.854
77.572
83.856
83.756
89.28
89.436
80.663
80.403
87.571
87.285
91.27
91.328
79.784
79.808
85.717
85.54
89.779
89.622
80.098
81.629
69.532
69.549
73.549
73.449
87.297
86.766
81.892
81.709
88.353
88.097
90.975
91.487
79.983
80.074
86.124
85.941
