60.458
60.404
60.458
60.388
60.964
61.731
60.368
60.512
60.45
60.563
60.275
60.384
60.37
60.452
60.681
60.633
60.679
60.571
60.358
60.449
60.434
61.422
60.387
60.367
60.408
60.315
60.456
61.063
60.726
60.39
60.432
60.442
60.442
60.613
60.971
60.436
60.512
62.233
60.378
61.507
60.453
62.228
65.507
60.586
61.131
60.526
65.646
60.368
60.507
60.381
60.435
61.624
60.331
60.645
60.383
60.356
60.432
66.296
60.458
61.512
60.466
60.443
61.177
62.228
62.33
60.414
61.62
60.409
60.344
60.448
60.878
60.491
65.58
65.632
61.193
61.519
60.663
62.692
60.412
62.115
60.398
61.064
60.372
60.504
60.377
60.514
60.43
60.516
60.489
61.237
60.437
60.337
60.463
60.445
61.191
61.303
61.306
61.352
60.528
62.333
61.589
60.519
60.573
65.222
61.661
60.541
60.723
60.486
60.791
60.384
60.557
60.72
65.955
65.517
60.534
61.808
60.34
60.751
60.399
61.131
