60.277
60.292
60.402
60.876
60.927
61.737
60.471
60.574
60.467
60.525
60.474
60.551
61.714
60.463
60.693
60.59
60.323
60.436
60.436
60.541
60.391
60.496
60.359
60.49
60.366
60.472
61.436
65.785
60.489
60.425
60.532
60.743
60.344
60.453
60.311
60.409
60.312
60.965
60.337
60.494
60.323
60.408
60.307
60.416
60.327
60.452
60.334
60.428
60.353
60.519
65.647
60.456
60.348
60.501
60.269
60.427
60.367
60.369
60.393
60.393
61.05
60.572
60.268
60.442
60.293
60.988
60.277
60.202
60.246
60.281
60.278
60.533
60.251
60.468
60.297
60.523
60.365
60.475
60.303
60.552
60.259
60.336
60.304
60.32
60.469
60.465
60.252
60.475
60.327
60.509
60.306
60.486
60.285
60.497
60.264
60.515
60.319
60.488
60.308
60.5
60.245
60.463
60.251
60.427
60.286
60.419
60.268
60.441
60.293
60.441
60.254
60.707
60.271
60.732
60.171
64.539
60.308
60.676
60.309
60.589
60.309
60.461
