60.263
60.346
60.39
61.097
61.388
62.907
60.319
60.428
60.304
60.881
60.309
60.601
60.628
60.338
60.324
60.257
60.33
60.305
60.273
60.355
60.305
60.404
60.412
60.365
60.356
60.27
60.763
60.268
60.471
60.632
60.411
60.349
60.339
60.459
60.84
60.425
62.232
60.377
60.335
60.382
60.643
60.56
60.744
60.477
60.44
60.7
63.918
60.387
60.471
60.562
60.308
60.369
60.619
60.325
60.436
60.534
60.337
60.373
60.497
60.408
65.599
60.58
60.506
60.931
60.5
60.427
60.379
60.452
60.443
60.467
65.582
60.364
60.494
60.921
60.466
60.475
60.291
60.411
60.43
60.56
60.489
60.464
60.483
60.624
60.673
60.696
62.951
60.599
60.526
60.428
60.537
60.57
60.411
60.472
60.36
60.424
62.026
60.561
60.57
60.505
60.422
60.628
60.389
60.954
60.42
60.603
60.269
60.491
60.402
60.373
60.513
60.727
60.295
60.361
60.292
60.401
61.909
60.616
60.421
60.452
