60.474
60.432
60.474
60.432
60.474
60.432
60.474
60.432
60.474
60.432
60.474
60.432
60.854
60.495
63.986
64.376
70.607
67.181
67.183
61.952
68.955
60.901
64.295
60.643
70.091
60.494
66.146
64.446
71.607
71.292
69.052
73.484
74.532
67.087
76.456
67.087
69.891
67.087
72.667
64.823
75.694
61.509
73.857
60.814
64.465
60.598
63.454
68.255
61.401
68.585
61.074
67.605
60.824
75.799
60.756
73.853
67.313
75.335
70.363
70.554
67.702
74.461
65.313
71.127
61.643
71.127
60.95
107.986
65.192
102.033
64.593
102.033
68.188
92.291
65.608
87.525
65.608
74.266
65.608
65.703
65.608
62.405
65.608
64.171
65.608
61.714
169.407
61.476
116.243
63.983
89.052
63.086
72.593
66.969
70.075
64.252
65.37
61.37
68.685
60.702
68.739
62.283
65.551
65.626
64.236
65.626
62.072
62.163
69.158
61.198
70.573
60.964
67.283
60.813
