60.34
60.348
61.121
60.458
62.924
61.437
60.426
60.371
60.472
60.571
61.016
60.396
60.489
60.289
60.263
60.291
60.303
60.39
60.302
60.977
61.206
60.659
60.363
61.271
60.398
60.902
66.217
60.329
60.385
60.693
60.269
60.445
60.527
60.342
60.287
60.666
65.555
60.4
60.634
60.315
60.319
60.527
60.54
60.346
60.761
60.319
60.49
60.33
60.53
60.306
60.51
60.289
60.588
60.553
60.674
60.51
60.318
60.367
60.605
60.477
60.762
64.591
60.529
60.476
60.663
60.444
65.818
60.293
60.357
60.558
60.595
60.491
60.495
60.571
60.339
60.372
61.269
60.394
60.598
60.559
60.535
63.094
60.463
60.401
60.431
63.896
60.456
60.268
60.561
60.478
60.377
60.323
60.37
60.314
60.36
60.343
60.403
60.335
60.457
60.464
60.342
60.354
60.37
60.392
60.586
62.968
60.553
60.52
60.43
60.341
60.526
60.354
60.405
60.335
60.395
60.336
60.56
60.399
60.49
60.305
60.504
60.453
