60.317
60.317
60.317
60.317
60.317
60.317
60.317
60.317
60
60.317
60.053
61.069
60.696
61.217
61.508
60.55
60.83
60.29
62.512
66.581
63.194
75.27
75.712
88.528
80.701
62.775
73.061
73.452
70.412
72.843
71.974
69.42
67.344
76.745
71.048
65.82
67.915
70.29
69.49
66.397
67.398
63.726
66.011
64.62
62.828
64.695
61.374
69.298
62.651
61.7
62.336
61.495
61.74
63.38
62.721
61.137
61.706
61.247
61.654
61.36
61.205
62.297
62.487
61.47
60.755
67.011
61.551
65.145
82.443
61.234
62.29
61.49
60.479
64.08
63.793
62.144
63.122
61.104
61.094
66.897
65.019
61.751
62.583
61.446
61.378
64.479
60.67
61.166
61.942
