60.457
60.472
60.433
60.477
61.571
61.239
61.39
61.998
60.447
60.822
61.485
61.298
60.853
60.362
60.436
60.597
60.325
60.876
60.681
63.209
60.793
61.462
61.555
60.891
61.433
61.198
61.562
60.337
61.271
60.749
60.377
60.788
61.43
61.074
60.391
60.511
60.751
60.902
61.283
61.137
60.747
61.27
61.64
61.131
61.391
61.73
61.214
61.327
60.662
60.28
60.662
60.28
70.583
60.28
61.74
89.316
61.76
61.777
61.433
60.363
60.417
60.71
61.211
61.145
61.317
61.226
60.963
60.404
61.182
60.739
61.278
61.721
61.03
61.309
61.382
61.23
61.171
61.223
61.132
60.977
61.135
60.599
60.19
60.908
60.67
61.131
63.496
60.406
61.307
60.575
60.204
61.01
60.81
60.305
61.306
61.223
61.178
60.986
60.741
60.546
60.979
60.805
67.256
68.577
64.135
61.481
61.436
60.258
