60.447
60.464
60.447
60.455
60.837
61.548
62.226
60.869
61.439
60.87
70.312
60.636
68.269
60.516
63.396
65.93
63.178
69.01
61.226
64.876
60.739
63.382
60.771
65.432
65.867
63.04
63.22
61.192
62.114
62.496
73.119
65.631
68.638
68.382
74.587
79.785
67.012
79.1
64.246
78.83
77.17
70.559
75.469
65.599
74.639
62.997
72.801
68.741
69.801
67.773
68.7
62.427
63.241
60.911
61.527
68.954
61.058
68.258
60.898
65.719
60.662
73.532
60.605
73.128
70.57
68.505
90.685
64.067
84.782
62.099
73.056
67.168
68.971
64.313
74.528
74.584
66.756
72.886
70.589
69.866
73.089
70.26
74.32
66.189
68.52
69.02
62.531
65.504
69.543
70.158
66.353
75.85
74.04
74.579
77.218
66.772
71.878
72.867
66.021
81.087
68.034
78.5
65.582
66.493
63.052
63.249
