60.377
60.386
60.36
60.384
60.734
60.412
60.331
60.451
60.434
60.636
60.418
60.341
60.5
60.304
60.764
60.428
60.29
60.305
60.316
60.47
60.323
60.355
60.333
60.33
60.252
60.284
60.286
60.369
60.226
60.289
60.219
60.281
60.283
60.333
60.244
60.33
60.254
60.315
60.288
60.354
60.28
60.299
60.277
60.296
60.272
60.3
60.276
60.316
60.287
60.317
60.313
60.374
60.27
60.202
60.251
60.27
60.279
60.29
60.229
60.238
60.261
60.283
60.276
60.462
60.427
60.631
60.487
60.62
60.736
60.701
60.651
60.806
60.566
60.736
62.707
61.265
63.775
63.833
91.155
82.338
91.481
95.725
77.494
87.068
90.937
89.693
91.245
91.017
76.036
73.12
92.163
90.694
91.984
90.752
92.457
91.674
89.646
89.051
91
91.199
80.512
89.338
92.658
91.942
92.9
91.632
91.212
91.45
93.642
91.912
93.714
91.998
93.952
92.151
92.724
90.999
94.614
91.207
95.301
92.948
