60.45
60.45
60.45
60.45
60.45
60.45
60.45
60.45
60.45
60.926
60.45
60.926
60.45
60.926
60.549
60.709
60.537
60.399
60.537
60.379
60.537
60.33
60.455
60.298
60.416
60.411
60.383
63.439
65.472
66.362
61.902
64.367
65.357
78.894
63.458
68.711
61.989
73.504
61.349
69.261
61.126
74.225
61.126
70.941
61.126
87.402
61.126
81.144
61.126
81.284
61.126
74.889
60.987
71.443
60.536
73.628
60.406
77.029
60.406
78.12
60.406
78.187
60.322
73.959
66.052
70.713
63.611
70.713
67.737
70.713
65.326
65.688
63.203
63.946
62.288
61.966
61.861
61.669
66.76
61.669
65.915
61.311
62.026
61.19
61.279
61.19
65.416
61.042
64.198
60.542
62.554
60.462
61.991
60.356
