60.303
60.447
61.106
60.5
62.966
61.349
60.363
60.287
60.238
60.248
60.535
60.284
60.316
66.831
60.348
66.394
60.314
63.3
60.325
64.242
60.413
65.681
60.466
62.223
60.324
60.865
60.342
60.439
60.75
60.379
60.488
60.352
60.225
60.353
60.486
60.343
61.268
60.42
60.767
60.39
61.039
60.367
62.83
61.267
60.616
62.264
62.349
62.385
61.034
60.934
62.97
65.954
60.49
60.61
60.325
60.489
60.312
60.495
60.321
61.05
60.36
60.334
60.372
60.583
60.328
60.814
60.356
64.726
60.509
65.545
60.433
63.016
60.335
61.895
60.342
60.879
60.724
62.032
62.644
60.478
61.803
66.823
60.972
64.547
60.342
63.558
60.309
61.133
60.45
60.413
60.352
63.939
60.336
65.27
60.317
65.558
60.479
61.768
61.767
60.558
60.524
60.461
60.468
61.321
61.59
60.545
60.677
60.341
60.697
60.503
61.304
60.59
60.502
60.573
60.463
60.496
60.46
60.361
60.635
63.84
