60.448
60.438
60.359
60.438
60.359
60.438
60.359
60.407
68.127
60.55
63.034
60.395
61.876
60.416
74.396
66.796
68.625
77.186
66.776
70.21
72.384
68.992
70.961
76.336
75.6
77.171
75.6
77.643
72.109
70.243
72.109
65.468
72.109
62.727
108.72
61.625
92.793
61.146
85.154
65.828
79.36
63.277
79.36
68.374
70.201
69.378
67.924
67.342
67.924
66.549
67.924
72.219
67.058
68.345
64.845
65.807
62.434
64.023
61.283
62.909
60.952
62.083
60.72
67.688
60.657
64.749
65.221
63.748
63.723
74.138
69.883
76.549
66.004
72.78
64.777
75.746
64.232
72.214
62.757
69.453
61.614
73.93
66.954
73.93
71.765
73.93
69.112
73.93
69.112
73.93
66.105
73.93
63.74
73.93
67.406
73.93
68.437
73.93
78.176
73.93
67.398
