60.313
60.34
60.313
60.335
60.364
60.825
60.325
60.803
63.486
65.93
62.305
63.464
62.948
62.087
61.503
61.826
66.528
61.226
65.273
60.965
65.369
60.596
70.695
60.476
65.63
65.918
62.818
61.925
61.524
61.071
64.56
60.729
68.855
64.529
70.009
62.574
70.622
69.62
65.283
78.976
69.051
70.645
64.791
66.429
64.791
62.748
64.192
61.154
62.334
60.638
61.169
60.475
60.668
67.004
60.658
63.001
60.672
62.626
70.273
61.834
66.974
65.117
71.856
63.502
67.162
68.241
64.333
68.572
67.484
77.952
70.903
72.087
69.389
79.709
64.473
74.648
69.678
74.648
67.635
109.494
64.185
93.242
64.185
75.096
64.185
62.884
62.285
64.228
65.777
65.625
62.064
68.137
66.077
64.23
67.5
60.934
65.183
60.621
71.104
66.141
70.544
64.458
71.539
64.69
66.152
62.915
63.327
70.208
65.302
64.799
66.87
63.09
64.477
68.434
71.556
69.81
