60.421
60.41
60.421
60.397
62.453
62.643
60.318
60.405
60.831
60.836
60.698
61.208
60.63
60.538
60.38
60.477
60.285
60.508
60.443
60.646
60.279
60.39
60.302
60.435
60.253
60.42
60.345
66.021
60.233
60.645
60.528
60.571
60.352
60.614
60.528
60.758
60.441
60.5
60.303
60.635
60.25
60.489
60.262
62.497
60.664
60.806
60.873
65.279
60.755
60.594
60.541
60.601
60.49
60.548
60.569
60.554
60.539
60.566
60.408
60.592
60.433
60.82
61.402
60.305
60.423
60.512
60.482
65.055
60.992
60.649
60.979
60.58
61.476
60.391
60.836
60.412
60.717
60.319
60.311
60.448
60.577
60.379
60.518
60.794
60.632
60.378
64.707
60.334
60.849
60.406
60.684
60.432
60.749
60.277
60.579
60.695
60.619
64.929
60.506
60.592
60.769
60.467
60.475
60.681
60.582
60.662
60.33
61.125
60.733
60.423
60.565
60.453
60.347
60.476
60.802
60.443
64.086
60.286
60.298
60.35
60.764
60.52
