60.296
60.406
60.904
60.496
63.064
61.534
60.497
60.446
60.358
60.36
60.323
60.963
60.826
60.5
60.496
60.491
60.385
60.36
60.308
60.343
60.632
61.103
65.616
60.747
61.071
60.405
60.654
60.577
60.932
61.067
62.257
60.642
64.866
60.69
61.655
60.531
60.542
60.412
60.758
60.538
61.762
60.585
60.663
60.826
60.715
60.486
60.45
60.611
61.422
60.633
60.901
60.425
62.722
60.413
61.587
60.313
64.758
60.611
61.692
60.57
61.464
65.137
60.699
60.452
60.646
60.551
65.822
65.006
60.541
60.478
61.315
60.312
63.722
60.217
61.087
60.6
60.818
60.272
60.672
60.394
60.307
60.445
60.548
60.503
60.906
61.053
64.409
66.436
60.564
61.314
60.768
60.835
65.677
61.584
61.942
61.131
61.323
60.564
60.976
60.787
60.389
60.502
60.959
60.738
60.811
61.151
60.439
60.595
61.727
60.354
61.335
61.713
65.603
63.218
60.446
60.926
60.42
61.953
61.327
62.496
61.14
62.582
