60.385
60.385
60.385
60.385
60.385
60.385
60.385
60.385
1067
60.38
831.065
61.733
152.54
61.311
67.132
61.477
61.583
60.677
60.553
60.994
60.349
61.141
61.145
60.345
61.292
60.931
60.993
61.63
60.358
60.691
60.466
61.446
60.868
60.62
60.68
61.132
62.446
60.493
60.711
61.128
61.062
61.355
60.406
61.326
61.103
61.059
61.21
60.792
60.621
61.299
61.099
60.407
61.368
61.035
61.197
61.046
61.398
61.787
61.27
60.83
60.332
60.89
61.156
61.114
60.685
61.113
60.461
61.975
61.548
62.172
61.166
60.457
60.864
63.887
60.49
61.034
60.441
60.887
61.333
61.339
60.792
60.741
60.213
60.971
62.517
61.016
61.066
60.815
61.243
60.408
61.149
61.075
60.457
60.571
61.499
61.392
60.678
60.886
60.815
60.396
60.523
60.537
60.308
