60.384
60.407
60.383
63.69
60.49
62.034
62.596
61.321
61.03
61.851
60.552
61.076
61.447
61.199
60.931
61.076
61.127
61.08
61.584
60.888
60.862
60.686
61.078
61.483
60.71
60.63
61.586
60.545
60.991
60.865
60.994
62.171
60.938
62.297
62.362
60.942
62.184
64.317
61.118
60.824
61.9
60.812
61.001
61.306
63.253
61.23
60.962
62.445
61.378
61.125
63.637
60.662
62.517
60.55
62.965
61.321
61.482
62.389
60.915
61.225
61.801
60.578
61.097
63.333
66.097
65.643
64.299
63.434
64.528
63.143
61.571
61.202
60.713
62.562
61.537
61.276
61.12
61.048
62.451
61.459
63.757
62.208
61.584
61.044
61.753
61.422
60.499
61.072
60.403
61.473
60.613
62.61
61.873
60.556
61.24
60.468
61.629
