60.376
60.348
60.376
60.343
60.376
60.343
60.38
60.348
61.587
61.038
63.283
61.795
60.853
61.622
61.305
60.953
61.305
62.119
61.142
61.184
60.866
62.024
61.273
61.233
60.241
60.304
60.684
60.386
61.797
60.352
66.634
62.33
62.413
66.248
63.6
60.82
67.7
63.03
64.392
65.029
61.523
61.819
62.212
60.873
61.209
61.253
61.3
61.41
62.183
61.561
61.234
61.388
61.579
61.691
60.924
61.435
61.361
66.518
61.361
71.35
61.361
74.857
61.361
67.032
61.361
67.196
61.361
70.025
145.022
66.924
72.635
71.554
70.819
62.293
61.838
61.397
61.059
62.11
61.351
61.543
61.454
61.881
61.338
61.349
61.167
61.63
60.313
62.599
65.699
65.557
61.122
68.8
64.544
71.933
62.67
64.603
61.325
61.481
62.881
65.807
76.624
70.125
84.935
61.68
79.489
63.958
65.032
68.227
66.271
67.628
