60.478
60.446
60.563
61
60.954
61.769
60.425
60.541
60.302
60.348
60.361
60.419
60.291
61.869
60.653
61.22
60.683
60.918
60.465
61.059
60.409
60.543
60.323
60.417
60.411
60.81
65.96
60.466
60.485
61.311
60.654
65.934
60.375
60.936
60.336
60.641
60.353
64.939
60.697
60.712
65.965
60.553
60.519
60.676
60.365
60.624
60.631
60.458
60.342
60.635
66.02
60.586
60.536
60.857
60.715
60.539
60.474
63.246
60.688
60.724
60.735
64.36
60.375
60.671
60.325
64.115
60.522
61.193
60.551
60.371
60.541
60.642
60.308
60.524
60.241
60.479
60.325
60.786
60.288
60.507
60.335
60.387
60.286
60.453
65.66
60.425
60.412
60.745
60.353
60.302
60.367
60.429
60.428
60.387
60.376
60.385
60.39
60.463
60.364
60.304
60.289
60.84
60.415
60.514
60.385
60.44
60.279
60.332
60.27
62.784
60.435
60.414
60.284
60.486
60.412
62.668
60.276
60.259
65.557
60.366
