60.373
60.374
60.362
60.374
60.578
60.431
64.626
60.487
63.361
60.48
68.464
64.699
65.127
74.955
62.359
66.662
67.833
63.191
68.39
65.886
68.523
68.302
64.61
67.376
69.503
65.582
70.855
63.364
68.19
61.176
69.537
63.926
69.537
67.35
69.537
63.028
96.327
64.148
72.694
62.484
70.598
68.456
65.55
71.375
64.894
68.631
69.532
66.733
66.503
71.013
67.067
70.216
64.318
69.48
62.349
65.028
60.937
63.435
60.735
68.728
66.154
69.58
70.213
69.183
64.357
66.874
69.313
68.953
70.927
65.423
64.534
64.921
69.364
63.361
65.432
69.236
62.677
69.961
68.37
71.512
65.693
71.354
63.516
70.583
66.275
65.05
64.36
66.205
67.265
63.007
70.018
65.878
64.204
67.57
69.383
73.129
71.517
70.659
75.546
70.659
66.353
111.281
63.789
90.147
61.62
71.977
60.869
68.173
60.484
66.284
64.908
69.397
70.236
67.536
