60.374
60.331
60.356
60.325
60.331
60.422
60.401
60.517
60.347
60.564
60.469
60.341
60.268
60.314
60.359
60.927
60.275
60.33
61.048
60.76
60.502
60.634
60.414
60.426
61.12
60.288
60.319
60.628
61.125
60.259
60.726
60.291
60.322
60.261
60.982
60.307
60.268
60.263
60.292
60.259
60.86
60.295
60.384
60.267
60.332
60.269
60.338
60.23
60.783
60.694
60.267
60.299
60.336
60.261
60.359
60.753
60.593
61.209
60.22
60.233
60.976
60.209
60.996
60.273
60.245
61.375
60.498
60.248
60.356
60.211
60.317
60.198
60.702
60.357
61.114
61.229
60.312
61.136
61.212
60.216
60.29
60.2
60.288
60.192
60.355
61.19
61.084
61.144
60.499
60.198
60.355
60.202
60.344
60.228
60.343
60.246
60.653
60.223
60.287
60.214
60.288
60.187
60.286
60.208
60.316
60.177
60.247
61.176
60.298
61.196
60.329
60.186
60.22
61.17
60.182
61.052
60.168
61.129
60.162
60.168
60.289
61.064
