60.376
60.372
60.376
60.359
62.569
62.888
60.504
60.489
60.37
60.441
60.551
60.553
60.294
60.417
60.326
60.402
60.312
60.434
60.406
60.466
60.391
60.538
60.45
60.446
60.372
60.424
60.342
60.432
60.322
60.403
60.386
60.518
60.289
60.318
60.368
60.47
60.318
60.397
60.278
60.42
60.273
60.383
60.365
60.412
60.32
60.561
60.303
60.4
60.37
60.404
60.309
60.443
60.208
60.271
60.382
60.495
60.378
60.536
60.287
60.435
60.308
60.386
60.327
60.439
60.277
60.535
60.298
60.491
60.319
60.39
60.31
60.439
60.263
60.249
60.317
60.442
60.378
60.495
60.285
60.363
60.279
60.451
60.301
60.324
60.287
60.431
60.283
60.419
60.257
60.289
60.327
60.461
60.267
60.306
60.351
60.407
60.345
60.48
60.255
60.281
60.296
60.412
60.249
60.38
60.324
60.369
60.264
60.363
60.199
61.166
60.278
60.573
60.388
60.525
60.386
60.388
60.429
60.44
60.22
60.319
60.379
60.368
