60.527
60.378
60.506
60.387
60.412
60.444
60.432
60.497
60.389
60.434
60.363
60.392
60.281
60.331
60.235
60.285
60.222
60.24
60.233
60.56
60.356
60.273
60.227
60.287
60.35
60.261
60.283
60.314
60.248
60.322
60.257
60.325
60.209
60.329
60.271
60.361
60.248
60.336
60.232
60.305
60.442
60.492
60.207
60.315
60.288
60.411
60.282
60.372
60.247
60.328
60.188
60.289
60.179
60.346
60.27
60.361
60.191
60.283
60.196
60.26
60.202
60.298
60.209
60.291
60.243
60.269
60.241
60.284
60.229
60.277
60.242
60.373
60.262
60.3
60.208
60.253
60.281
60.288
60.247
60.331
60.256
60.333
60.223
60.286
60.182
60.426
60.191
60.359
60.186
60.312
60.197
60.419
60.197
60.51
61.216
61.134
60.165
60.328
60.645
60.3
60.334
60.272
60.236
60.246
64.077
65.1
71.113
70.91
83.418
77.5
91.393
89.528
89.337
92.941
95.41
90.801
91.678
96.31
94.752
91.331
91.947
93.547
