60.447
60.388
60.447
60.391
61.691
61.426
60.577
60.474
60.584
60.508
60.542
60.417
60.41
60.389
60.546
60.343
60.744
60.485
61.766
60.385
63.109
60.672
65.72
60.634
61.205
60.83
61.032
62.116
60.356
60.891
60.748
60.656
61.745
60.485
61.303
60.471
61.437
60.613
60.534
61.063
61.139
60.87
60.586
61.153
61.191
60.415
64.809
63.759
60.981
62.32
61.049
60.673
61.504
62.497
60.501
63.97
64.542
67.271
63.917
61.013
61.111
60.447
61.046
61.818
60.57
60.552
60.503
60.496
60.409
61.748
60.777
60.583
60.557
68.333
60.496
60.807
63.634
60.381
60.818
60.608
60.533
60.469
63.679
63.578
60.671
68.51
60.771
70.423
67.273
66.596
61.43
70.058
62.38
69.453
60.681
71.377
60.577
64.15
60.52
65.239
60.856
61.754
60.946
62.168
62.249
60.466
60.668
63.26
65.806
62.843
60.406
63.145
62.056
62.645
66.244
61.658
64.305
60.65
63.727
61.069
