60.471
60.488
60.457
60.547
63.038
61.487
60.518
60.384
60.324
60.305
60.391
60.922
60.793
60.439
60.353
60.334
60.371
60.302
60.553
60.531
60.649
60.407
64.503
60.628
61.116
61.009
60.847
60.496
61.119
60.708
60.934
60.443
62.348
60.711
60.427
60.847
60.536
60.797
60.404
60.445
60.601
60.49
60.676
60.736
60.763
60.748
65.583
66.041
60.591
60.483
60.472
60.45
60.59
60.542
60.431
60.287
60.335
60.581
60.551
60.57
60.498
60.373
60.376
60.347
60.576
60.406
60.633
61.27
60.959
60.586
60.648
60.48
60.515
60.563
60.543
60.414
60.549
60.237
60.434
60.45
60.413
65.721
60.519
60.44
60.462
60.431
60.468
60.397
60.334
60.314
60.301
60.401
60.403
60.425
60.318
60.262
62.109
60.37
60.333
60.235
60.41
61.394
60.54
60.359
60.254
60.365
60.773
60.524
60.399
60.363
60.311
60.239
60.417
60.448
60.354
60.281
60.63
60.399
60.424
60.372
