60.295
60.357
60.296
60.455
62.676
62.536
60.596
60.55
60.388
60.358
60.442
60.554
60.556
60.478
60.421
60.546
60.469
60.605
60.833
60.523
61.215
60.467
60.987
60.433
60.58
60.687
60.743
61.093
60.673
60.692
60.5
60.59
60.852
62.658
60.784
60.465
60.527
65.747
60.762
60.501
61.066
60.427
60.456
60.377
60.542
60.62
65.679
60.523
60.573
60.443
60.533
60.682
60.572
60.51
60.727
60.432
60.39
62.075
60.514
60.318
65.52
60.327
60.578
60.601
60.664
60.637
60.789
60.766
60.93
61.011
60.338
64.973
60.661
60.77
60.468
60.474
61.094
60.457
60.895
60.56
60.569
64.712
60.54
60.695
60.977
64.943
60.418
60.588
60.617
60.531
61.14
60.377
61.17
60.575
60.872
60.524
60.54
60.363
60.856
60.483
60.527
61.137
60.828
60.446
62.476
61.117
60.617
60.282
60.427
60.938
61.792
63.99
60.389
60.376
60.609
60.461
60.42
60.759
61.211
60.506
