60.446
60.357
60.53
60.933
61.037
62.306
60.4
61.021
60.406
60.286
61.217
60.334
61.968
61.376
63.512
63.155
61.713
61.375
60.496
64.244
63.109
66.373
60.876
66.069
62.222
69.299
66.163
69.311
65.03
65.47
67.014
62.455
66.477
63.028
62.001
63.766
60.705
61.1
60.501
62.407
65.886
66.162
63.158
63.362
64.313
65.26
62.697
70.045
64.332
63.317
66.69
63.353
63.858
61.956
66.395
63.273
62.809
68.498
60.655
64.602
63.179
71.225
63.267
62.349
62.867
60.791
61.637
66.965
63.908
69.237
62.33
71.18
60.962
67.513
60.407
67.333
61.539
67.781
60.963
67.405
60.821
66.942
60.513
67.852
63.207
68.459
68.559
62.538
74.61
61.772
65.246
62.828
63.902
65.755
66.387
61.91
68.833
60.384
66.798
62.571
62.333
60.497
65.833
63.289
61.996
65.41
60.636
61.379
62.233
60.817
60.739
60.535
62.746
60.292
62.807
61.79
60.669
62.787
60.394
60.876
