60.432
941.185
60.432
941.185
60.432
941.185
60.378
941.185
60.873
734.762
61.865
461.089
61.279
122.715
61.529
65.828
61.106
60.949
61.041
61.539
61.49
61.182
61.248
60.292
61.414
60.272
61.065
60.891
61.153
61.08
62.167
60.912
61.121
61.027
61.757
61.036
60.647
60.553
61.092
61.923
60.893
61.553
61.209
60.587
61.5
61.132
61.243
61.404
60.514
61.541
60.425
60.997
60.887
61.289
61.009
61.186
61.967
61.055
61.523
60.824
60.81
60.63
60.97
61.202
61.458
61.609
61.589
61.088
64.649
62.857
61.645
64.216
67.001
62.587
61.443
61.552
68.522
62.196
61.457
61.298
62.771
62.2
67.812
64.419
61.249
61.073
61.053
61.15
61.481
60.938
61.126
60.605
