60.467
60.479
60.458
60.47
61.71
61.49
61.446
61.249
61.343
62.961
60.832
60.849
63.174
60.569
67.312
61.342
62.774
60.667
61.26
60.974
61.165
60.96
60.949
62.111
60.959
60.868
60.749
60.576
61.242
62.502
61.249
66.265
61.439
61.104
61.324
61.255
61.593
60.822
61.29
61.006
61.344
61.137
61.188
61.534
60.944
61.967
60.384
61.055
60.938
61.013
61.303
60.683
61.496
60.969
60.953
60.991
61.819
60.871
61.312
61.534
61.453
60.882
60.941
60.455
61.426
60.891
61.283
61.53
61.328
61.405
60.769
60.83
60.938
61.133
60.978
61.497
61.228
61.2
61.935
60.509
60.545
60.56
60.925
61.291
60.36
61.6
60.737
61.312
60.602
64.347
65.863
60.677
63.498
62.214
65.259
61.363
63.026
61.751
65.822
63.706
61.255
61.011
61.061
61.309
