60.251
60.408
60.244
60.408
60.846
61.502
61.142
60.287
61.038
60.36
60.901
60.259
65.385
75.978
84.041
87.246
90.919
90.685
93.279
87.243
62.277
61.724
62.67
60.904
66.158
62.365
63.416
61.369
63.386
61.622
68.829
62.912
65.242
61.861
62.413
63.369
61.267
61.471
64.635
67.565
64.237
62.569
60.494
63.201
62.554
63.833
66.927
61.436
61.364
60.936
60.63
61.565
61.99
61.316
62.934
60.681
61.926
61.203
65.345
61.109
61.556
61.595
61.397
60.544
67.125
67.874
62.715
61.352
61.304
60.566
61.855
62.633
64.371
60.793
61.595
62.325
62.722
60.512
60.957
61.681
61.63
61.041
61.889
61.286
64.633
66.899
60.612
61.994
60.842
61.572
65.507
66.722
63.913
61.824
62.315
61.241
63.198
63.646
61.486
64.13
61.934
61.822
63.835
62.365
61.843
61.545
67.741
61.117
61.815
60.594
67.337
64.479
60.891
61.411
61.535
61.125
68.72
69.512
65.808
64.442
