60.367
60.377
60.367
60.377
60.367
60.377
60.446
60.377
60.676
60.482
60.866
60.902
61.228
60.86
60.554
60.801
61.511
60.509
60.653
60.931
61.071
60.8
60.626
60.666
63.299
60.471
60.539
60.351
61.015
60.584
60.893
60.803
60.84
61.134
60.586
61.224
60.347
60.592
60.822
60.512
60.941
60.957
61.23
60.754
61.424
64.832
60.642
60.638
61.034
60.704
61.272
60.65
61.137
61.144
60.669
61.334
60.871
61.574
60.767
60.365
61.391
61.015
60.324
60.914
60.561
60.765
60.916
62.136
61.58
61.212
61.43
60.72
60.981
60.982
61.298
60.826
61.682
60.809
60.722
60.713
60.428
60.84
60.473
61.327
60.382
60.938
60.894
60.795
61.111
61.371
60.919
60.455
61.101
60.944
61.019
61.122
61.142
61.057
61.017
60.869
60.604
60.405
61.316
60.761
61.624
60.594
61.151
61.017
60.842
61.025
61.209
61.605
61.374
61.131
