60.429
60.39
60.429
60.387
61.692
61.611
60.583
60.57
60.471
60.368
60.512
60.396
66.4
60.294
61.132
60.487
60.435
61.313
60.658
60.464
61.328
60.387
66.372
60.639
60.692
60.769
61.33
61.149
61.564
61.119
61.174
61.032
66.505
61.09
61.361
61.952
60.995
66.565
60.598
60.734
60.44
61.16
65.367
63.04
61.038
60.947
60.967
65.7
61.785
62.129
62.98
60.623
65.122
62.518
60.625
61.367
60.725
60.84
62.004
60.366
61.695
61.665
60.428
61.856
61.194
61.418
61.157
65.04
60.299
60.633
60.353
61.084
60.247
61.374
60.573
60.854
60.358
60.688
60.386
60.681
61.875
60.685
67.235
60.841
61.539
60.929
61.474
61.494
60.396
61.227
61.14
61.62
66.126
65.956
61.841
60.563
60.553
60.354
62.307
63.331
61.121
60.474
60.824
61.052
60.269
60.858
62.429
60.472
65.723
60.325
61.128
60.633
62.532
67.452
63.288
63.23
61.602
63.183
66.126
65.425
