60.383
60.352
60.375
60.34
60.81
60.752
60.427
60.417
60.433
60.393
60.468
60.45
60.616
60.534
60.82
60.76
60.404
60.38
60.414
60.43
60.438
60.465
60.335
60.419
60.315
60.371
60.349
60.411
60.364
60.4
60.281
60.205
60.249
60.249
60.207
60.284
60.251
60.258
60.258
60.272
60.313
60.237
60.23
60.232
60.251
60.251
60.301
60.304
60.292
60.235
60.266
60.277
60.807
60.231
60.305
60.257
60.335
60.286
60.556
60.744
60.343
62.082
60.813
61.77
61.323
62.886
60.806
63.391
64.54
65.611
74.956
72.408
90.989
88.465
90.739
89.671
91
89.671
91.045
132.11
92.814
122.362
90.476
122.362
87.6
122.362
94.671
122.362
91.728
122.362
90.435
111.87
98.573
96.361
73.165
93.566
66.28
67.2
64.95
64.904
66.997
67.407
91.073
91.371
93.059
92.309
91.389
96.12
86.131
87.097
92.009
90.539
92.869
92.784
91.794
93.548
92.085
92.934
91.565
94.096
