60.43
60.47
60.43
60.456
60.836
63.538
63.387
60.537
65.672
60.411
70.222
60.266
67.733
60.298
70.249
61.536
65.394
66.096
65.068
66.096
66.243
63.707
63.769
61.643
68.965
64.248
75.398
62.559
71.299
67.891
72.734
71.48
69.048
73.908
67.943
66.474
66.137
63.935
66.064
66.482
71.784
64.801
66.984
63.75
71.116
65.869
71.904
63.134
65.689
62.134
67.352
61.775
65.661
65.712
69.411
74.538
66.327
72.973
67.266
72.729
64.917
70.439
63.397
71.334
62.369
71.164
61.798
69.949
61.798
63.911
61.798
62.431
113.574
61.473
91.534
60.856
70.971
64.049
65.77
74.042
69.274
67.379
70.739
71.511
65.692
72.362
68.12
71.169
65.571
71.918
63.453
66.384
61.596
63.154
72.301
66.778
70.815
67.593
70.815
68.708
70.815
65.531
114.951
65.652
96.991
64.59
79.146
69.185
66.776
65.236
64.169
63.657
65.737
61.262
72.038
60.758
67.148
60.554
63.366
60.433
