60.313
60.327
60.313
60.737
61.394
62.916
60.417
60.498
60.378
60.321
61.376
60.548
61.01
60.374
60.343
60.372
60.345
60.352
60.45
60.569
60.331
60.346
60.8
60.541
60.789
61.296
60.381
60.589
60.57
60.418
60.737
60.643
60.67
61.505
60.827
61.027
60.501
60.497
60.361
60.693
60.916
60.283
62.147
60.364
61.97
60.438
63.024
60.579
65.092
60.585
67.695
60.509
67.08
60.501
65.3
60.621
62.894
60.354
60.931
60.361
63.684
60.356
62.052
60.288
60.493
60.376
65.013
60.432
60.685
60.368
65.095
60.445
60.43
60.383
60.783
60.346
60.652
60.355
60.542
60.459
60.557
60.391
61.478
60.302
62.053
60.259
64.315
60.348
60.392
60.434
60.81
60.543
60.319
60.479
60.634
60.624
64.566
60.895
61.085
60.269
64.404
61.484
61
60.668
61.248
60.587
60.827
60.499
60.359
60.489
60.872
61.367
62.823
60.653
62.27
61.796
61.207
61.58
62.334
60.527
