60.298
60.354
60.3
60.354
63.105
61.524
60.644
60.505
60.37
60.401
60.552
60.947
60.591
60.65
60.326
60.36
60.338
60.36
60.353
60.323
60.401
60.597
60.829
60.363
60.895
60.977
60.672
65.503
60.913
60.589
60.87
60.937
62.785
60.312
60.644
60.589
60.714
65.74
60.507
60.429
60.833
60.86
66.283
60.785
61.124
60.531
60.781
60.66
60.424
60.565
60.551
60.725
60.828
60.431
60.559
60.675
65.346
60.708
60.905
60.469
60.745
60.658
60.338
60.355
60.64
60.45
60.561
60.443
60.477
60.477
60.521
60.428
60.397
60.453
60.396
60.679
63.994
60.572
60.382
60.547
60.475
60.557
60.391
60.412
60.364
60.408
60.372
60.379
60.291
60.692
60.382
60.463
60.411
60.592
60.655
60.551
60.278
60.347
60.694
60.576
63.392
65.865
60.582
60.535
60.57
60.484
60.281
60.531
60.429
60.418
60.318
65.737
60.54
60.474
60.448
60.276
63.192
60.468
60.42
60.503
