60.432
60.407
60.432
60.402
61.528
62.992
60.499
60.567
60.415
62.473
60.902
60.715
60.821
60.614
60.448
60.406
60.714
60.437
61.7
60.497
64.183
61.996
61.362
61.937
60.458
62.662
63.757
61.407
64.587
63.378
67.617
61.869
71.134
65.65
62.105
69.454
64.987
63.835
63.367
60.858
60.897
61.882
67.171
60.59
64.538
64.397
65.28
60.385
63.845
60.336
66.245
60.347
63.434
60.339
61.725
62.375
60.957
61.324
65.091
60.544
62.246
60.638
61.05
60.499
60.496
66.088
63.209
63.209
60.971
64.049
60.581
63.239
65.933
63.82
63.073
66.664
61.619
66.766
63.186
64.708
61.416
70.295
60.776
62.908
60.522
64.383
60.413
61.301
60.526
61.187
62.907
67.922
63.888
64.792
63.954
61.755
65.765
60.828
63.618
61.004
61.666
65.197
66.136
61.785
64.986
60.822
61.529
62.579
66.031
60.673
63.279
64.45
61.704
62.557
62.046
65.191
60.836
67.03
63.72
64.369
61.436
67.948
