60.415
60.443
75.902
60.434
63.567
60.899
61.041
61.371
60.63
60.763
60.792
61.603
60.675
60.673
60.872
60.57
60.362
61.01
60.818
60.556
61.251
60.443
61.28
61.376
61.22
61.106
61.157
61.483
61.251
60.345
60.334
61.125
60.214
60.931
60.982
60.429
61.31
60.259
61.217
60.551
61.069
61.16
60.935
61.176
61.204
60.287
61.124
61.264
60.862
61.077
60.308
60.329
60.826
61.169
61.242
61.218
60.725
61.413
61.25
61.214
60.482
60.325
61.232
61.258
60.978
60.204
60.277
61.098
61.197
60.976
61.334
61.26
61.2
61.339
61.03
61.361
60.811
61.14
61.247
60.193
61.119
61.318
60.915
61.153
61.134
61.317
60.907
60.852
61.006
61.216
61.252
61.141
61.121
61.143
60.242
61.004
61.475
61.765
61.192
61.33
60.703
60.891
61.12
61.232
61.301
61.03
63.532
63.466
68.424
67.996
64.428
64.642
66.742
67.002
66.174
65.899
70.58
70.311
