60.357
60.418
60.455
60.542
62.908
62.353
60.577
60.679
60.498
60.499
62.385
61.082
61.052
60.403
60.438
61.254
61.78
62.401
63.433
62.601
62.36
64.949
61.949
61.625
66.257
64.1
65.665
62.298
62.233
64.268
62.319
64.055
61.683
64.163
66.585
66.136
62.065
67.061
62.007
62.242
61.342
63.769
64.75
63.894
62.579
61.394
71.11
60.68
62.355
62.314
60.695
65.345
60.549
61.774
64.853
60.827
69.531
64.33
63.289
65.173
62.444
65.865
60.489
63.49
60.489
67.95
61.586
64.821
60.55
66.207
66.89
68.668
61.573
71.883
61.073
73.231
67.804
70.972
60.937
68.219
61.647
67.067
61.484
66.799
61.554
62.332
65.182
64.312
62.094
65.278
66.364
61.517
62.08
62.313
61.53
62.012
60.441
64.912
60.498
62.986
60.538
64.998
61.294
63.479
64.431
64.884
60.871
62.588
60.582
62.216
62.925
61.907
61.645
61.436
60.431
60.943
60.604
67.193
