60.459
60.459
60.459
60.459
60.459
60.459
60.459
60.459
61
60.459
60.938
60.854
61.839
61.939
63.474
61.192
60.913
62.557
60.665
69.63
60.711
64.035
66.745
62.276
62.901
61.495
67.123
61.078
70.234
60.7
69.109
60.661
69.987
60.459
65.24
60.419
63.167
72.368
61.451
67.343
61.269
63.485
61.269
62.51
61.269
61.482
61.096
60.975
60.553
60.871
60.444
67.343
60.32
65.656
60.32
62.721
60.276
67.732
60.333
63.716
60.345
62.066
60.264
61.846
60.271
61.178
60.271
60.86
60.271
60.701
91.833
70.266
78.751
72.84
72.623
70.189
72.623
67.889
72.623
66.165
69.692
72.669
68.48
68.691
64.465
67.652
62.156
74.016
61.145
72.316
67.382
