60.419
60.406
60.421
60.371
60.454
60.839
60.58
60.486
60.509
60.557
60.52
60.603
60.361
60.617
60.451
60.841
60.642
60.28
60.325
60.306
60.298
60.339
61.136
60.311
60.335
60.268
60.291
60.28
60.283
60.282
60.273
60.284
60.316
60.291
60.291
60.247
60.287
60.24
60.243
60.233
60.254
60.507
60.239
60.367
60.386
60.326
60.358
61.504
60.325
61.231
60.25
60.355
60.238
60.211
60.291
60.349
60.259
60.26
60.233
60.226
60.23
60.461
60.254
60.242
60.233
60.257
60.307
60.371
60.254
60.437
60.294
60.2
60.276
60.26
60.778
60.903
60.703
60.871
60.323
60.491
63.74
63.896
79.083
90.848
97.709
91.29
92.154
90.429
101.665
84.111
104.849
91.126
94.768
91.484
80.758
80.029
87.179
91.882
90.618
90.484
66.531
91.041
74.957
75.427
90.631
90.865
92.897
92.201
92.917
93.189
94.844
94.276
92.36
96.453
98.285
90.717
102.103
87.77
71.774
71.36
