60.442
60.384
60.429
60.373
60.759
60.436
60.419
60.527
60.517
60.624
60.398
60.428
60.551
60.373
64.585
60.355
60.407
60.334
60.228
60.615
60.315
60.444
60.387
60.445
60.822
60.421
60.637
60.415
60.351
60.394
60.289
60.372
60.344
60.301
61.056
60.39
60.331
60.38
60.224
60.321
60.408
60.4
60.394
60.337
60.254
60.331
60.35
60.313
60.333
60.28
60.302
60.732
60.29
60.228
60.317
60.729
60.312
61.097
60.295
60.314
60.282
60.356
60.28
60.399
60.299
61.036
60.356
60.354
60.325
60.34
60.332
60.304
60.41
60.309
60.387
61.093
60.44
60.27
60.424
60.324
60.366
61.166
60.97
60.331
62.339
60.357
60.327
61.385
60.384
60.343
61.148
60.285
60.317
60.424
60.872
60.293
60.719
61.14
61.245
60.945
61.277
61.22
60.687
60.767
60.263
61.252
60.305
61.241
61.219
60.262
60.503
60.904
60.314
60.455
60.164
61.575
