60.448
60.471
60.448
60.471
60.512
61.071
60.752
61.108
61.547
61.223
61.515
61.64
60.929
61.156
61.622
60.576
61.48
60.92
61.357
60.968
60.627
61.44
60.941
60.74
61.024
61.588
61.133
60.838
60.386
60.509
61.114
60.81
61.921
61.055
61.095
61.279
61.529
61.057
60.649
61.298
61.13
61.013
61.79
62.043
61.253
61.345
62.399
61.314
62.233
60.607
60.57
61.225
61.064
60.816
61.017
61.359
61.734
61.633
61.484
62.31
61.693
61.247
62.088
62.21
62.795
61.527
63.739
61.245
61.609
61.9
61.116
60.687
61.458
61.194
61.593
61.453
61.226
62.344
61.728
62.038
61.565
61.476
60.754
62.283
62.853
61.385
61.7
61.279
61.162
61.811
63.55
61.532
61.898
61.564
61.898
64.83
78.731
61.612
71.214
61.95
68.699
60.988
66.774
61.143
65.3
61.35
64.174
61.057
63.283
60.391
