60.351
60.34
76.147
61.087
63.982
60.627
61.426
60.451
60.844
65.505
60.547
63.688
60.376
77.738
60.32
72.079
60.348
70.601
60.329
71.872
60.413
70.423
60.413
69.245
60.413
64.877
112.861
63.038
87.239
68.475
84.083
68.409
76.184
66.508
76.184
69.872
72.532
76.345
69.666
68.113
65.776
64.798
63.559
62.572
65.769
61.599
65.08
61.524
65.08
61.524
65.08
96.834
65.08
74.641
65.08
68.683
65.08
67.723
64.57
65.258
62.092
64.129
69.277
67.561
67.155
78.425
66.319
72.421
65.529
76.99
63.051
76.99
61.137
76.99
60.775
71.535
70.784
66.055
77.843
62.278
76.983
61.615
69.625
65.237
70.833
69.14
77.041
65.465
77.041
68.444
100.518
65.153
91.088
66.835
91.088
69.933
99.55
73.393
80.39
70.379
72.043
74.6
67.151
73.159
64.358
76.05
63.006
70.46
62.453
67.052
62.177
69.265
62.177
64.268
61.629
62.637
61.005
61.344
