60.422
60.279
60.422
60.28
61.368
61.241
60.372
60.386
60.261
60.479
91.629
87.733
89.209
89.662
61.384
86.81
67.788
67.121
78.048
77.247
85.154
87.967
65.921
65.52
74.723
74.407
91.682
87.052
62.359
62.408
67.743
67.336
65.195
67.804
78.687
78.985
72.859
72.78
77.598
77.389
88.499
86.393
60.468
78.926
61.098
61.173
64.78
63.873
67.077
67.469
70.444
70.345
74.843
74.849
88.234
86.66
77.87
77.721
85.601
85.439
92.648
91.176
67.954
68.276
73.883
73.848
81.719
81.173
61.678
81.2
63.204
63.127
67.143
66.951
76.543
76.068
78.566
78.172
86.994
86.727
92.888
92.096
67.38
67.34
74.227
74.168
86.163
85.815
60.837
65.787
61.678
61.672
61.681
61.778
66.648
67.269
65.559
65.634
66.402
66.512
80.141
79.85
67.232
67.23
68.329
68.258
75.493
75.792
70.08
70.274
71.605
71.729
73.589
73.69
73.647
74.009
73.51
73.568
73.28
73.348
