60.51
60.478
60.512
61.426
60.739
60.839
61.099
62.142
60.661
61.426
61.127
61.653
60.908
60.713
62.058
61.032
61.912
61.262
61.111
60.813
61.221
62.008
62.04
62.675
60.593
60.883
60.983
61.069
61.715
61.232
61.985
62.874
61.214
61.45
61.223
61.619
61.064
63.029
62.172
61.388
60.808
62.61
61.683
61.94
61.219
61.249
61.329
61.572
62.331
61.421
60.982
61.378
61.677
61.064
61.799
60.68
60.962
61.546
60.597
61.812
60.689
61.878
61.16
62.084
61.739
60.637
61.623
61.529
60.937
61.415
61.801
61.522
62.812
61.267
61.714
60.72
60.933
62.04
61.119
62.581
60.432
60.52
61.211
60.967
60.961
61.462
61.331
61.118
63.398
61.277
60.555
61.852
60.652
