60.385
60.342
60.38
60.348
60.358
60.775
60.409
60.368
60.413
60.376
60.425
60.493
60.472
60.617
60.32
60.795
60.38
60.286
60.295
60.635
60.813
60.236
60.371
60.75
60.347
61.667
60.292
60.259
60.512
60.553
60.258
60.346
60.247
60.21
60.878
60.216
60.264
60.21
60.317
60.32
60.36
60.344
60.339
60.403
60.425
60.397
60.928
60.365
60.404
60.323
60.435
60.214
60.471
60.856
60.393
60.219
60.485
60.249
60.272
60.591
60.298
61.225
60.313
60.3
60.225
60.272
60.274
60.284
60.225
60.927
60.21
60.198
60.204
60.202
60.223
60.2
60.446
60.23
60.993
60.268
60.22
60.241
60.324
60.229
60.254
61.173
60.274
60.238
60.245
60.179
60.179
61.1
60.188
60.244
60.169
60.181
60.182
60.263
60.283
60.243
60.217
60.261
60.358
60.223
60.187
60.193
61.145
60.228
60.946
60.164
60.178
60.198
60.193
60.251
60.87
61.136
60.167
60.222
60.457
61.087
