60.352
60.438
60.935
60.623
63.003
61.485
60.539
60.429
60.556
60.41
60.803
60.694
60.526
60.354
60.49
60.378
60.459
60.351
60.325
60.642
60.436
66.965
60.479
61.72
60.484
60.521
60.408
60.848
60.539
60.44
60.594
60.42
60.497
60.398
60.442
60.38
60.461
60.332
60.353
60.61
60.457
60.319
60.608
60.412
60.546
60.441
60.438
60.365
60.86
60.353
60.319
60.4
60.393
60.319
60.484
60.308
60.38
60.31
60.385
60.356
61.172
60.526
61.372
60.445
61.322
60.345
62.203
60.338
61.367
60.47
60.608
60.264
61.888
60.301
61.978
60.265
60.476
60.259
61.048
61.729
60.99
60.369
60.283
60.647
60.306
60.306
60.303
60.378
60.348
60.466
60.26
60.285
60.321
64.556
60.305
61.615
60.331
60.464
60.324
60.341
60.293
60.348
60.369
60.338
62.718
60.319
60.419
60.262
60.274
60.288
60.301
60.815
60.426
60.594
60.459
60.462
60.302
60.304
60.301
60.667
