60.316
60.274
60.321
60.274
60.804
63.108
60.543
61.517
60.34
60.679
66.583
62.42
67.677
66.645
67.677
62.465
67.677
61.046
65.377
60.746
63.31
60.545
61.328
65.227
60.924
66.027
60.615
63.605
60.468
61.998
68.954
60.873
66.233
64.224
64.818
64.685
69.135
71.821
76.224
77.921
72.576
70.803
65.235
66.556
65.679
65.1
62.684
75.03
64.254
70.272
67.23
75.46
63.894
90.413
68.192
93.413
72.126
82.474
71.507
81.035
66.748
79.939
64.086
73.278
62.137
67.444
61.587
63.546
65.087
61.843
67.174
70.697
66.063
67.818
66.447
69.509
65.18
65.155
74.465
66.522
75.636
63.593
72.892
62.214
65.369
61.345
63.019
61.126
62.347
65.225
69.479
64.572
75.805
62.85
