60.401
60.384
60.401
60.374
60.398
60.849
60.554
60.377
60.524
60.427
60.495
60.589
60.392
60.708
60.533
60.648
60.716
60.371
60.446
60.427
60.41
60.499
60.594
60.411
60.982
60.409
60.385
60.38
60.347
60.255
60.366
60.298
60.356
60.36
60.324
60.26
60.353
60.314
60.26
60.316
60.29
60.282
60.285
60.228
60.353
60.293
60.329
60.346
60.332
60.281
60.33
60.3
60.3
60.225
60.363
60.23
60.558
60.342
60.427
60.213
60.339
60.211
60.325
60.393
60.273
60.206
60.256
60.19
60.668
60.942
61.639
60.198
60.371
60.325
60.349
60.304
60.42
60.352
60.672
60.917
61.3
61.813
60.976
61.134
88.876
90.451
91.061
91.825
93.391
91.891
72.91
88.614
90.485
92.128
92.368
91.574
92.095
91.956
91.055
92.606
92.157
92.034
92.321
91.954
91.751
91.66
92.376
93.37
92.192
92.457
91.617
92.935
91.887
93.901
92.104
92.406
92.085
91.302
93.152
93.427
92.477
93.023
