60.445
60.31
60.445
60.31
60.445
60.31
60.616
60.893
60.885
61.429
60.489
60.589
60.356
60.349
62.175
60.273
60.951
62.249
61.535
65.521
60.831
69.859
60.451
65.646
63.969
62.76
62.938
61.417
61.796
65.975
66.438
62.043
65.675
65.017
65.675
61.927
63.976
64.778
62.438
62.515
61.666
61.463
61.449
65.924
65.644
63.178
66.438
62.106
69.142
64.424
67.455
67.659
69.179
65.52
70.535
63.423
78.397
64.192
74.247
62.155
73.678
64.146
67.072
61.363
71.189
63.323
65.934
61.506
63.538
68.813
62.794
70.188
68.117
68.43
65.634
71.528
64.367
68.855
67.751
74.461
66.782
78.145
63.678
72.255
62.043
69.529
67.12
71.635
64.842
68.513
63.792
64.564
69.615
67.605
68.12
63.678
69.501
61.608
