60.41
60.334
60.41
60.331
60.863
60.894
60.403
60.461
60.427
60.469
60.488
60.465
60.638
60.593
60.816
60.744
60.274
60.271
60.667
60.617
60.24
60.245
60.238
60.234
60.228
60.236
60.229
60.224
60.21
60.209
60.22
60.216
60.217
60.217
60.205
60.206
60.197
60.209
60.191
60.209
60.204
60.215
60.21
60.226
60.197
60.307
60.194
60.252
60.202
60.295
60.209
60.324
60.309
60.515
60.644
60.937
60.842
60.904
60.872
60.899
60.625
60.356
62.23
60.532
61.882
60.415
62.316
62.069
67.06
67.376
68.032
68.826
70.206
69.689
89.051
89.531
90.651
91.744
91.622
92.143
91.445
90.547
90.508
92.44
92.148
91.855
92.146
92.142
91.497
92.523
78.442
88.39
88.639
88.854
80.132
79.652
61.589
61.643
60.375
60.188
60.222
60.202
60.365
60.196
60.328
60.179
60.353
60.195
60.349
60.188
60.356
60.183
60.342
60.192
60.356
60.189
60.376
60.194
60.368
60.188
