60.354
60.411
60.917
60.503
63.027
61.461
60.67
60.553
60.597
60.459
60.832
60.853
60.369
60.359
60.594
60.458
60.639
61.041
61.058
60.514
60.58
60.443
60.503
63.981
60.858
60.706
61.621
61.953
61.271
60.452
60.534
60.464
60.411
63.275
60.317
60.582
60.399
60.362
60.412
60.406
60.478
60.521
60.59
61.256
60.451
60.585
61.029
61.549
60.609
61.469
60.425
61.937
65.929
61.403
61.006
60.852
60.516
60.396
60.365
60.367
60.436
60.489
60.405
60.877
60.446
61
60.709
61.497
60.373
61.17
60.404
65.385
61.111
60.686
61.26
60.383
60.953
60.892
60.459
60.489
61.012
60.459
60.682
60.462
61.335
60.51
61.046
64.816
61.498
60.827
61.105
64.186
61.26
60.6
60.477
60.554
60.97
60.462
65.614
61.518
60.488
60.472
60.486
60.442
60.406
60.374
60.822
60.439
60.439
60.463
60.42
63.595
60.426
61.212
60.452
61.021
60.538
64.372
61.752
60.977
