60.468
60.408
60.468
60.408
60.468
60.408
60.468
60.916
60.752
67.055
60.475
62.92
60.512
61.561
63.37
61.122
62.991
60.705
62.991
60.497
62.991
60.447
85.019
60.515
71.485
60.483
64.831
66.301
65.862
66.301
64.242
64.397
75.669
68.17
72.095
65.544
74.01
63.016
75.495
61.991
72.022
61.065
69.796
60.497
72.43
65.847
76.744
64.114
71.367
63.242
69.238
67.309
72.715
72.302
67.756
68.388
67.273
68.388
72.614
68.388
71.486
68.388
70.051
68.388
77.477
68.388
73.494
68.388
74.994
176.839
70.188
128.675
66.17
83.937
65.398
74.217
64.849
69.629
62.69
67.479
60.902
69.862
65.676
67.495
64.334
65.84
62.929
69.9
61.782
69.9
61.34
81.031
67.789
74.2
66.859
69.611
64.796
65.862
63.762
