60.344
60.434
60.672
60.656
62.949
62.187
60.466
60.342
60.382
60.342
60.589
60.472
60.371
60.305
60.442
60.343
60.418
60.333
60.44
60.347
60.434
60.34
60.301
60.265
60.414
60.316
60.51
60.41
60.468
60.397
60.489
60.41
60.347
60.382
60.43
60.324
60.417
60.344
60.482
60.367
60.438
60.323
60.29
60.365
60.522
60.397
60.465
60.281
60.555
60.416
60.424
60.334
60.362
60.301
60.503
60.354
60.444
60.271
60.44
60.337
60.412
60.22
60.299
60.27
60.45
60.369
60.466
60.272
60.275
60.318
60.415
60.282
60.396
60.341
60.433
60.302
60.37
61.476
60.208
60.271
60.232
60.423
60.271
60.216
60.368
60.24
60.365
60.388
60.277
60.313
60.311
60.327
60.302
60.328
60.521
60.432
60.449
60.337
60.401
60.394
60.404
60.386
60.407
60.405
60.44
60.274
60.495
60.276
60.536
60.294
60.604
60.313
60.462
60.252
60.515
60.317
60.604
60.263
60.492
60.309
60.443
60.306
