60.333
60.358
60.333
60.358
63.205
60.834
61.853
60.565
60.963
60.392
68.358
60.345
67.313
65.71
64.987
62.338
63.818
61.79
66.515
61.79
72.654
61.186
71.132
60.824
68.689
67.332
75.257
63.952
70.316
66.329
72.086
65.449
72.752
72.521
73.571
68.476
70.492
79.16
68.142
84.89
71.057
79.161
83.669
73
74.065
70.063
67.44
75.931
68.174
74.148
68.174
73.786
68.174
64.455
93.538
62.662
70.312
66.955
65.403
71.725
70.823
68.833
70.823
63.582
70.823
62.277
69.47
61.549
64.922
65.55
62.677
66.457
60.977
66.457
60.625
107.477
60.45
107.477
60.308
107.477
67.747
107.477
79.566
107.477
77.299
107.477
66.11
107.477
67.623
107.477
69.742
107.477
68.551
107.477
68.551
107.477
