60.402
60.471
60.972
60.549
62.981
61.479
60.46
60.39
60.432
60.317
60.665
60.564
62.335
60.344
62.29
60.415
60.624
60.323
60.321
60.316
61.249
60.361
60.761
60.719
60.746
61.579
65.589
60.948
61.633
61.341
67.228
63.476
60.657
60.518
61.455
63.88
60.519
60.996
60.447
60.736
60.451
60.299
60.492
60.347
60.469
60.33
60.453
60.33
60.517
60.329
60.427
60.778
60.364
60.915
60.52
61.017
65.614
61.345
60.589
60.428
60.556
60.462
64.881
60.351
62.212
60.41
62.331
60.385
60.959
60.365
61.386
60.376
60.307
60.324
60.284
60.33
60.278
60.674
60.62
60.489
60.394
61.678
60.354
60.377
60.256
61.035
60.317
61.018
60.501
60.301
61.14
65.691
60.94
60.319
60.563
60.323
60.306
60.34
60.372
60.283
60.442
60.379
60.457
60.264
60.333
60.934
60.259
60.329
