60.385
60.413
60.379
60.408
61.207
61.291
60.392
60.314
60.449
60.27
82.972
91.509
92.535
87.975
90.19
92.243
80.238
80.368
73.122
73.913
82.24
82.879
90.971
92.12
100.437
75.537
83.476
84.566
90.211
92.96
73.112
72.588
77.391
77.69
82.109
86.327
78.693
81.585
74.487
74.853
78.678
78.668
81.279
82.306
79.057
77.976
64.029
65.579
63.045
63.206
64.5
65.461
71.244
70.995
75.234
75.247
81.451
82.751
82.665
83.079
86.803
86.768
91.359
91.427
69.533
69.387
73.424
74.192
77.124
77.537
90.672
91.559
60.893
61.002
64.8
64.923
74.854
76.051
76.878
76.703
81.483
81.921
87.49
87.57
85.908
85.844
89.912
90.299
82.149
80.554
90.754
91.364
61.742
62.057
71.545
71.746
81.979
82.507
85.209
86.133
80.18
80.522
90.207
90.405
70.554
69.137
75.158
75.786
86.374
86.93
90.222
91.648
78.304
78.225
89.74
90.172
79.797
78.174
87.612
88.479
