60.289
60.294
60.285
60.287
60.723
60.338
60.349
60.587
60.41
61.138
60.448
60.753
60.562
60.419
60.769
60.791
60.682
60.667
60.315
60.328
60.286
60.358
60.417
60.313
60.394
60.373
60.302
60.383
60.341
60.383
60.436
60.453
60.32
60.482
60.302
60.447
60.307
60.345
60.334
61.098
60.347
61.135
60.293
60.348
60.304
60.906
60.347
60.26
60.329
60.246
60.286
60.208
60.29
60.159
60.251
60.305
60.218
60.338
60.303
60.844
60.263
60.21
60.335
60.213
60.745
60.355
60.798
60.786
60.817
60.286
60.963
60.359
61.078
60.876
61.127
60.241
62.847
63.37
91.332
91.777
92.43
93.477
92.845
92.849
90.397
92.007
91.643
92.014
91.706
92.453
91.671
92.387
89.085
87.475
91.548
91.563
92.5
94.375
92.401
92.54
92.298
91.588
84.814
72.783
81.075
80.863
90.988
91.307
90.912
92.236
91.966
93.262
91.385
90.829
