60.408
60.362
60.503
60.926
61.513
63.07
60.479
60.576
60.37
60.94
60.357
60.621
60.331
61.2
60.384
60.396
60.361
60.369
60.315
60.456
60.866
60.383
60.463
62.993
60.628
61.221
65.698
60.92
60.538
60.599
60.382
60.569
60.634
60.462
60.349
60.664
60.337
60.411
60.408
60.462
60.59
60.314
60.45
60.515
60.541
60.766
60.432
60.503
60.603
60.312
65.209
60.454
60.601
60.733
60.585
60.338
60.465
60.425
60.619
60.556
60.459
60.782
60.586
60.449
60.405
60.556
60.453
60.388
60.381
60.56
60.314
60.709
60.589
60.501
60.339
60.636
60.292
60.55
60.515
60.538
60.413
60.413
60.299
60.348
60.343
60.387
60.418
64.769
60.31
60.44
65.46
60.47
60.314
60.4
60.405
60.348
60.34
60.754
60.339
60.486
61.037
60.419
60.398
60.286
64.874
60.749
60.38
60.403
60.28
60.341
60.297
60.466
60.302
60.345
64.512
60.483
60.447
60.593
64.405
60.491
