60.358
60.434
60.363
60.425
61.323
61.349
60.434
60.466
60.368
60.277
86.414
91.41
88.265
87.347
96.653
90.987
72.188
61.016
64.167
64.818
84.776
87.092
80.59
81.456
89.21
89.901
99.433
87.476
66.292
66.364
69.464
69.788
72.212
72.447
79.689
77.099
77.834
78.046
80.066
78.316
85.876
87.272
73.011
73.078
73.939
73.992
78.55
80.808
76.777
75.706
76.547
76.811
78.719
78.648
79.568
79.792
74.239
75.216
74.16
74.016
87.014
87.328
79.527
79.624
84.821
84.993
90.605
91.837
75.779
73.548
80.521
80.668
85.465
85.406
82.488
83.358
78.278
78.543
81.972
82.18
85.926
86.161
83.027
83.401
88.798
89.025
91.32
92.475
73.721
73.697
77.889
77.851
82.755
83.007
72.958
72.326
73.933
74.354
80.963
81.141
90.465
94.849
62.633
62.882
68.921
69.73
77.695
78.201
77.126
77.291
87.232
86.764
91.383
91.801
