60.33
60.35
60.948
60.382
61.02
60.438
60.788
66.093
60.459
62.057
60.39
61.549
62.587
61.114
61.155
60.903
63.82
65.881
68.493
66.669
70.345
64.076
71.392
61.851
69.284
61.118
67.842
60.69
64.232
65.224
67.258
63.349
69.525
63.349
69.492
68.957
67.381
81.857
66.584
73.039
63.18
70.075
61.199
75.739
60.768
72.956
60.518
68.825
60.445
70.679
66.233
68.327
66.737
66.45
64.19
73.898
63.294
72.801
67.131
77.819
65.71
75.625
65.041
75.625
68.616
117.777
75.096
93.991
71.828
75.615
69.165
79.588
77.591
73.241
78.359
73.241
78.359
73.241
69.62
73.241
65.117
88.913
67.866
74.973
67.537
66.885
63.128
62.922
62.482
61.511
65.379
60.863
61.264
66.134
60.761
72.483
65.904
78.924
64.234
78.855
