60.35
60.42
60.914
60.496
61.777
60.98
60.606
60.505
60.389
60.345
60.449
60.411
60.285
61.233
61.055
60.344
60.411
60.381
60.589
60.396
60.369
60.939
60.263
61.129
60.372
61.83
60.431
65.518
60.5
60.539
60.504
60.512
60.75
60.587
60.359
61.328
60.522
60.517
60.405
60.379
60.433
60.758
60.353
60.877
60.581
60.558
60.295
60.427
60.607
60.622
60.408
60.367
60.338
60.577
60.232
60.482
60.251
60.375
60.564
60.495
60.326
60.577
60.323
60.656
60.578
60.843
64.647
60.44
60.544
60.441
60.291
60.497
60.523
60.297
60.547
60.371
62.704
60.321
60.494
60.357
60.591
60.427
60.41
60.306
60.638
64.233
61.809
60.492
60.66
60.531
64.983
64.147
60.56
60.375
60.529
60.397
61.423
60.537
60.595
60.41
64.37
60.994
60.6
60.438
64.361
60.313
60.805
60.35
60.604
60.458
64.227
60.847
60.444
60.39
60.468
60.454
60.322
60.556
60.453
60.444
