60.338
60.443
61.096
60.518
61.286
60.747
60.7
60.55
60.573
60.45
60.593
60.438
60.585
60.436
61.142
61.161
60.531
60.566
60.429
60.455
62.843
67.634
60.498
60.516
61.535
60.414
60.614
60.684
60.517
61.528
66.219
65.736
62.777
63.044
60.713
62.533
60.373
67.807
60.552
60.581
60.325
60.927
60.435
60.463
60.463
60.813
61.333
60.467
60.446
60.488
61.172
64.922
60.383
60.806
61.289
60.619
60.487
61.044
63.324
60.925
62.039
65.232
62.708
60.886
62.551
65.03
60.508
60.561
60.484
60.386
65.694
60.401
60.723
60.636
61.305
60.375
61.26
60.615
60.391
60.538
60.346
60.521
60.398
60.561
60.43
60.447
61.084
60.51
61.581
60.491
66.816
60.506
63.037
61.816
61.02
61.161
61.262
61.18
60.622
60.476
60.567
60.435
60.657
61.489
61.268
61.331
63.12
61.085
61.034
60.498
60.674
60.518
60.957
60.411
62.181
61.175
60.815
61.297
60.851
60.616
