60.352
60.329
60.464
61.089
60.951
61.776
60.563
60.651
60.771
60.344
60.552
60.449
60.401
60.454
60.467
60.624
61.788
60.508
60.429
60.375
60.518
61.082
61.745
60.249
60.546
60.311
60.343
60.314
60.296
60.358
60.243
60.327
60.269
60.361
61.22
60.227
60.341
60.254
60.511
60.551
60.428
60.593
60.34
64.174
60.303
60.654
60.312
61.804
61.666
60.331
66.951
60.939
62.484
60.595
63.394
62.45
65.348
60.61
62.39
61.875
62.338
60.506
62.604
60.389
62.143
60.434
60.706
68.296
60.765
62.434
62.539
62.232
61.275
62.451
60.507
63.123
61.214
66.93
61.502
60.861
60.839
60.552
64.595
60.423
62.159
61.264
61.007
61.804
64.346
60.368
61.6
60.406
63.678
65.932
60.598
60.591
65.753
60.497
64.772
62.565
64.188
61.007
66.184
60.426
62.347
60.438
67.862
60.742
61.763
61.286
62.73
60.794
61.43
65.279
60.631
60.756
63.501
60.49
61.291
60.422
60.651
60.91
