60.284
60.307
60.284
60.299
60.786
61.453
60.625
60.388
60.332
60.41
60.453
60.435
90.627
88.917
91.262
90.279
90.787
87.348
61.544
60.606
72.015
74.179
68.644
67.6
73.522
73.811
85.712
84.427
81.865
81.543
86.181
85.322
86.387
85.582
79.444
79.443
76.634
77.608
78.659
77.779
73.519
72.365
68.622
67.858
66.069
65.298
78.401
77.484
70.186
69.024
71.055
70.319
72.468
72.452
75.872
76.689
68.024
67.963
67.497
67.615
70.015
69.175
70.265
71.31
73.247
73.455
75.518
76.127
84.101
83.109
77.472
76.704
80.479
79.532
83.687
82.869
78.825
78.864
83.47
83.3
90.059
90.765
83.842
83.593
82.819
82.915
83.946
83.979
90.925
90.358
84.699
84.055
90.312
90.33
90.69
90.565
82.64
81.896
85.966
86.636
91.223
90.727
77.988
77.606
80.64
80.541
79.883
80.022
90.023
89.103
78.17
78.169
79.049
79.408
84.311
83.156
76.841
76.054
77.001
77.084
