60.395
60.382
60.384
60.382
60.384
60.459
60.98
60.532
60.518
60.331
60.295
63.972
60.219
67.749
63.203
64.485
63.859
61.613
63.352
60.537
61.381
60.459
60.53
64.002
65.193
60.518
71.037
61.657
65.467
60.769
62.991
62.361
60.744
61.691
62.275
60.947
60.546
65.814
61.853
60.636
60.34
60.369
60.283
60.299
62.234
60.472
61.226
60.438
62.199
61.734
60.75
62.301
63.595
61.067
60.49
60.95
61.49
70.331
60.407
64.989
60.781
62.752
60.418
65.76
66.937
64.822
62.376
68.258
61.626
63.289
60.409
61.891
60.43
67.674
68.742
67.095
62.235
64.086
60.959
63.61
61.892
64.483
64.853
65.472
62.121
60.418
60.631
60.878
62.276
61.98
60.854
64.885
60.42
62.764
63.672
65.228
61.091
62.404
63.86
65.617
62.586
64.529
63.261
66.437
61.316
64.166
60.344
60.603
60.3
60.857
60.282
68.07
60.324
65.736
60.364
63.796
63.187
65.608
62.406
62.812
66.012
60.66
