60.449
60.358
60.449
60.351
60.981
61.795
60.393
60.506
60.458
60.556
60.565
60.462
60.474
60.285
60.331
60.402
61.155
60.328
60.343
60.459
60.355
60.465
60.308
60.451
60.339
60.496
60.283
63.368
60.293
60.808
60.296
62.082
60.282
60.421
60.292
60.359
60.573
60.647
60.441
60.363
63.527
62.2
62.46
60.431
60.847
60.326
60.537
60.484
61.913
60.368
61.611
60.382
66.586
61.048
65.162
60.376
63.472
60.281
61.754
60.73
60.371
61.111
60.318
60.448
60.294
60.439
60.318
61.116
60.308
60.863
60.313
61.732
60.302
60.428
60.3
60.343
60.264
60.346
65.857
60.395
62.461
60.377
61.711
60.309
62.101
60.317
60.432
60.306
60.382
60.264
60.328
60.262
60.314
60.289
60.329
60.367
60.349
60.518
60.316
60.369
60.482
61.478
60.739
60.275
60.642
60.673
60.779
60.588
60.701
63.666
61.531
60.768
60.502
60.861
60.566
63.981
60.482
64.124
60.331
61.013
