60.425
60.425
60.496
60.496
60.496
60.496
60.496
60.496
60.496
60.496
60.496
60.496
60.496
60.496
1824.06
60.496
1824.06
60.496
1824.06
60.496
1410.94
60.452
1094.39
60.452
1094.39
60.452
965.136
60.452
965.136
94.537
965.136
86.545
965.136
75.711
965.136
73.872
965.136
73.362
965.136
73.362
965.136
79.942
965.136
71.888
965.136
68.056
965.136
75.244
965.136
75.244
965.136
75.244
965.136
75.244
965.136
112.839
965.136
100.629
965.136
87.394
965.136
78.756
965.136
69.913
965.136
72.17
965.136
72.17
965.136
72.17
965.136
72.17
965.136
72.17
965.136
72.17
965.136
72.17
965.136
147.273
