60.425
60.396
60.505
60.955
60.953
61.768
60.444
60.558
60.399
60.494
60.478
60.59
60.323
60.558
60.367
60.534
60.395
60.566
60.383
60.592
60.438
61.085
60.397
61.269
60.545
60.654
60.356
60.523
60.347
60.995
61.021
60.961
60.42
60.355
60.453
60.347
66.63
60.462
60.785
60.43
60.419
60.451
61.278
60.418
60.562
60.776
60.372
61.119
60.369
60.461
60.373
60.469
60.377
60.334
60.422
60.292
60.504
60.316
60.519
60.27
65.834
62.5
61.554
60.438
61.44
60.452
61.748
62.027
60.943
63.636
65.852
62.284
60.647
60.405
60.48
60.382
60.235
61.667
61.114
60.551
61.121
62.192
60.404
60.477
60.475
61.651
60.475
60.528
61.351
60.334
61.076
60.383
60.398
62.171
60.437
60.922
60.464
61.687
61.081
60.806
61.193
61.13
60.532
60.838
60.433
60.769
60.406
61.951
61.182
61.135
61.14
60.916
61.092
61.014
60.389
60.61
60.425
60.609
61.01
60.802
