60.403
60.432
60.963
60.507
61.718
60.946
60.462
60.341
60.335
60.256
60.29
60.28
60.276
60.253
61.595
60.318
61.168
60.282
60.515
60.353
60.456
60.323
61.126
60.263
60.573
60.306
61.481
60.32
61.131
60.295
60.835
60.317
61.449
60.407
60.637
60.354
65.995
60.294
60.736
60.314
60.34
60.238
60.618
60.343
60.484
60.347
60.697
60.322
60.445
60.251
60.424
60.313
60.366
60.465
60.541
60.26
60.482
60.418
60.407
60.386
60.473
60.344
60.307
60.27
60.303
60.256
60.328
60.234
60.426
60.345
60.392
60.287
60.548
60.249
60.55
60.246
60.558
60.272
60.526
60.302
60.478
60.263
60.314
60.199
60.444
60.209
60.455
60.313
60.491
60.204
60.37
60.238
60.502
60.371
60.499
60.353
60.552
60.263
60.347
60.239
60.366
60.235
60.341
60.341
60.397
60.266
60.505
60.427
60.296
60.422
60.511
64.554
61.123
60.385
60.805
60.259
60.384
60.734
60.402
60.268
61.09
64.347
