60.411
60.377
76.206
60.764
62.009
60.972
60.579
60.64
60.632
60.39
64.796
60.366
61.596
69.824
61.04
67.556
60.723
65.17
60.563
69.532
64.38
82.653
66.268
79.869
64.845
81.586
62.815
76.563
65.684
72.76
63.892
73.571
68.162
78.444
68.162
78.497
68.162
74.195
68.162
76.319
101.578
72.578
78.847
74.446
72.838
85.015
69.829
76.87
76.574
67.789
81.433
71.3
76.199
65.4
79.978
63.459
74.354
62.752
67.537
62.752
69.941
62.752
76.317
88.356
73.297
71.371
65.531
68.788
66.767
64.625
66.443
63.562
68.772
62.781
68.772
62.158
67.675
66.6
64.12
65.805
63.217
63.954
62.815
62.169
61.502
73.969
65.943
68.421
66.458
70.409
64.592
76.45
63.193
75.131
63.193
71.429
63.193
68.803
90.163
75.024
77.797
73.363
70.522
74.027
65.522
72.13
63.347
75.056
62.688
75.429
70.355
73.759
