60.329
60.433
60.424
60.551
61.712
60.972
60.323
60.403
60.374
60.338
60.402
62.493
60.547
60.458
61.017
60.399
60.737
60.554
62.25
65.208
63.226
64.36
63.948
62.731
61.06
60.625
65.571
60.353
63.024
60.417
64.847
61.967
65.203
60.898
61.772
60.378
62.692
60.347
63.921
60.635
66.797
60.49
63.274
60.421
74.029
66.026
63.498
67.59
61.188
65.478
63.102
69.836
67.729
64.143
63.692
61.373
61.473
60.669
64.292
60.44
67.276
65.021
68.208
64.401
69.673
62.727
64.533
61.07
72.63
64.047
72.291
72.152
72.093
71.887
64.401
67.855
61.744
67.256
68.606
63.84
62.67
61.123
60.989
66.824
64.544
64.869
67.871
61.729
68.938
63.986
68.909
64.784
64.112
64.91
61.821
63.05
66.182
61.544
65.179
61.604
62.545
60.386
60.704
61.443
60.551
60.794
70.991
64.415
63.712
62.797
60.84
61.104
60.521
61.13
60.528
61.646
66.53
61.18
62.524
60.848
