60.401
60.392
60.401
60.492
60.826
61.387
62.238
60.56
60.769
60.276
60.949
60.377
61.858
60.331
61.117
60.371
64.399
60.338
62.443
60.36
76.717
60.399
68.78
60.467
74.63
65.013
68.773
69.529
67.763
65.713
66.733
63.957
70.571
66.203
72.28
63.77
69.7
67.729
65.184
71.702
66.14
69.129
69.115
71.418
72.133
68.471
66.908
65.17
64.247
62.566
65.696
71.025
69.725
69.17
67.173
67.276
62.177
70.393
62.018
70.004
67.688
66.057
65.09
69.937
64.952
70.652
65.92
65.692
67.745
63.039
67.272
62.387
65.787
62.089
65.859
71.198
63.163
72.559
67.694
67.556
69.499
64.628
72.841
64.694
73.101
62.618
77.168
64.609
68.908
62.598
72.726
62.043
66.732
65.993
69.343
65.901
64.407
63.625
65.858
65.997
64.784
69.759
69.623
66.27
65.08
64.957
62.937
61.628
64.603
63.055
65.36
62.063
67.352
65.35
64.03
63.383
67.198
68.512
64.829
