60.453
60.403
60.446
60.411
60.497
60.453
60.563
60.526
60.379
60.461
60.315
60.408
60.302
60.338
60.233
60.44
60.218
60.582
60.571
60.403
60.264
60.325
60.257
60.289
60.22
60.229
61.058
60.316
60.253
60.324
60.27
60.309
60.216
60.25
60.203
60.266
60.238
60.227
60.209
60.291
60.207
60.192
60.242
60.234
61.162
60.329
60.195
60.325
60.329
60.426
60.27
60.303
61.262
60.442
60.815
60.525
61.389
61.271
60.99
60.679
60.82
60.926
60.481
61.851
60.775
61.824
60.359
61.362
60.389
60.702
60.781
60.669
62.441
62.038
75.351
75.341
90.521
90.15
90.691
90.424
91.235
91.339
90.789
91.649
92.796
92.713
90.828
91.562
91.401
92.74
90.761
91.485
91.124
91.337
90.743
91.435
91.408
92.125
91.974
93.086
91.033
91.335
91.18
90.941
91.38
91.005
91.136
90.729
88.871
88.909
91.253
90.806
89.307
88.403
91.315
91.272
88.365
88.023
78.175
77.949
