60.357
60.433
60.352
60.433
60.89
60.459
60.438
60.575
60.537
60.578
60.613
60.577
60.73
60.492
60.938
60.618
60.389
60.417
60.343
60.654
60.382
60.439
60.337
60.406
60.312
60.418
60.322
60.424
60.269
60.394
60.295
60.424
60.284
60.354
60.339
60.441
60.344
60.435
60.337
60.415
60.342
60.41
60.284
60.379
60.327
60.352
60.403
60.46
60.36
60.432
60.332
60.385
60.285
60.327
60.379
60.352
60.38
60.303
60.34
60.325
60.292
60.292
60.258
60.262
60.258
60.298
60.279
60.273
60.91
60.27
60.367
60.289
60.75
60.845
61.107
61.281
61.713
63.64
75.573
73.736
91.506
90.942
92.025
91.793
86.25
89.378
91.194
90.471
92.17
90.976
93.579
91.19
91.164
93.53
92.867
92.451
92.975
93.261
93.699
95.045
93.72
94.853
94.904
93.803
92.34
91.767
96.235
92.065
94.945
94.339
75.621
75.654
60.25
60.259
60.294
60.311
60.273
60.209
60.21
60.179
