60.491
60.497
60.574
61.033
61.025
61.86
60.424
60.527
60.462
60.519
60.375
60.409
60.31
60.305
60.258
60.263
60.315
65.73
60.363
61.043
60.327
60.6
60.253
64.021
60.291
62.062
65.517
65.637
60.653
60.76
60.305
61.926
60.323
62.342
60.845
60.507
60.375
63.903
60.894
62.014
66.127
66.509
61.145
61.562
60.662
61.31
60.333
61.716
60.452
61.8
64.967
61.209
61.033
60.406
60.75
65.204
60.791
60.437
60.5
60.893
60.731
64.98
60.724
60.936
60.693
60.298
60.448
60.355
60.477
60.225
60.392
60.336
60.442
60.277
60.337
60.536
60.302
60.706
60.315
60.412
60.885
60.325
60.386
60.449
60.304
60.53
60.317
60.674
60.32
60.817
60.441
60.306
60.323
60.843
60.502
64.842
60.497
60.576
60.479
60.428
60.509
60.654
60.318
60.658
60.454
60.798
60.478
60.746
60.371
60.438
60.52
60.371
60.27
60.343
60.301
64.266
60.4
60.592
60.363
60.36
