60.555
60.555
60.555
60.555
60.555
60.555
60.555
60.555
1068
60.555
1068
60.555
1068
60.861
685.186
61.495
104.639
61.78
69.332
60.591
61.113
60.357
61.231
60.388
60.296
60.414
60.246
60.298
60.232
60.334
64.457
60.392
69.618
66.082
71.696
61.615
76.551
61.47
76.432
60.463
79.096
60.292
77.828
61.778
68.152
66.103
66.269
73.784
72.893
70.583
68.727
67.411
66.734
64.879
64.141
64.132
63.246
63.708
62.238
62.618
61.777
68.554
67.123
69.851
66.259
67.437
66.259
66.68
65.602
66.68
63.831
64.53
61.858
62.766
61.062
61.866
60.813
66.841
60.616
65.259
66.83
63.604
64.121
72.558
62.224
68.542
62.224
68.542
62.224
65.929
61.812
61.999
67.582
