60.347
60.382
60.343
60.382
61.325
61.351
60.404
60.378
60.461
60.778
76.847
84.814
88.319
87.595
84.069
84.82
63.48
61.129
63.265
62.335
60.664
60.54
60.906
61.4
60.581
61.316
60.527
60.488
61.446
60.456
60.544
60.5
60.488
60.468
60.705
60.51
60.798
61.556
60.569
61.205
60.536
62.726
60.391
60.435
60.499
61.492
60.833
62.828
60.774
60.521
62.978
60.395
60.601
61.336
60.521
60.977
61.37
60.361
60.426
60.431
61.088
60.481
60.561
64.282
60.907
60.811
69.276
62.943
63.553
62.441
62.765
62.799
75.255
77.532
61.795
61.356
61.872
62.564
64.119
66.512
68.515
66.315
65.895
66.687
65.01
69.536
71.19
74.114
61.094
61.404
61.409
60.583
63.713
65.48
61.567
61.292
61.751
61.729
62.669
61.659
67.848
66.613
68.982
68.319
72.006
72.307
80.07
80.819
74.942
65.815
67.877
67.747
67.49
68.375
77.011
80.079
68.923
68.815
68.947
69.342
