60.407
60.325
60.407
60.317
60.356
60.317
60.362
60.317
61.513
60.506
61.167
60.426
60.468
60.647
60.877
62.314
61.187
60.672
60.66
60.649
60.581
61.261
60.759
61.485
61.467
61.251
60.515
60.95
61.321
62.198
61.093
61.376
61.271
60.897
60.657
61.001
61.021
60.912
60.677
60.543
61.784
61.168
60.583
60.355
60.983
61.948
61.066
60.781
61.115
61.257
62.243
60.962
61.044
61.083
60.95
61.034
61.216
61.732
61.683
61.168
62.193
61.212
60.936
61.347
61.081
62.159
60.62
62.182
60.355
60.776
61.042
60.705
61.483
60.466
62.119
61.181
61.22
61.155
60.637
61.061
61.752
61.494
67.351
61.639
65.391
61.028
64.774
61.156
65.569
60.436
64.343
60.749
65.166
61.11
63.633
61.004
63.22
61.824
