60.361
60.341
60.559
60.725
61.697
61.314
60.551
60.464
60.239
60.295
60.278
60.562
60.268
61.787
60.283
60.854
60.561
60.745
60.411
60.319
60.398
67.986
60.653
65.406
60.454
62.115
60.76
65.004
60.315
64.689
60.352
69.223
60.615
63.991
61.31
64.473
63.576
60.617
60.61
60.549
60.33
66.387
60.863
60.437
60.476
60.55
62.187
60.304
60.432
61.679
61.929
63.746
60.361
63.819
60.424
62.63
60.573
63.19
60.244
62.655
60.284
64.988
60.309
65.394
60.986
62.555
60.548
65.235
60.586
61.308
60.909
63.515
60.679
61.583
60.426
69.155
60.697
75.61
62.037
78.075
61.515
76.402
60.56
69.705
60.592
64.84
60.629
67.54
65.576
66.171
62.366
68.213
67.841
65.762
69.501
64.066
70.354
67.343
63.785
63.537
64.823
62.241
61.343
61.987
61.474
61.987
60.394
95.113
60.276
73.924
60.242
64.94
60.817
64.652
60.274
62.231
61.396
62.765
66.115
62.893
66.181
60.856
