60.456
60.451
60.456
60.44
60.379
60.724
60.51
60.405
60.478
60.496
60.477
60.578
60.45
60.836
60.751
60.946
60.404
60.415
60.74
60.376
60.507
60.476
60.478
60.425
60.43
60.448
60.485
60.475
60.329
60.404
60.316
60.31
60.299
60.368
60.326
60.309
60.355
60.365
60.277
60.288
60.271
60.297
60.28
60.307
60.334
60.292
60.301
60.358
60.362
60.267
60.33
60.337
60.442
60.324
60.519
60.537
60.781
60.594
60.948
60.831
60.61
60.683
60.328
60.211
60.964
60.857
63.807
60.886
67.107
67.646
78.708
81.378
88.486
90.432
92.107
90.055
90.463
90.799
91.031
92.105
88.693
86.291
90.37
92.511
90.66
93.982
90.948
92.06
76.391
76.944
90.221
91.122
92.948
91.96
93.576
92.009
60.251
77.773
82.234
82.059
67.206
67.173
60.316
60.246
60.189
60.379
60.199
60.19
60.343
60.176
60.195
60.271
60.185
60.27
60.265
60.307
60.381
60.405
