60.367
60.421
60.362
60.421
63.083
61.78
60.585
60.458
60.268
60.978
60.49
61.267
60.769
60.686
60.442
60.439
60.466
60.449
60.321
60.871
60.576
61.151
65.571
60.531
61.022
60.877
60.324
60.886
61
61
60.459
60.752
60.417
60.869
60.51
60.525
60.362
65.302
60.844
60.758
60.543
60.636
60.44
63.326
60.384
60.797
60.401
65.584
60.272
60.862
60.447
60.467
60.576
61.253
60.389
60.62
64.974
60.401
60.779
60.549
60.695
60.774
60.888
60.494
60.407
60.401
60.568
64.1
60.463
60.592
60.415
60.629
60.44
61.307
60.433
60.337
60.406
60.454
60.792
60.386
60.355
60.284
64.493
60.447
60.517
60.346
60.431
60.516
60.702
60.549
60.278
60.473
60.283
61.16
60.366
60.338
60.39
60.26
60.457
60.426
60.405
60.372
60.51
60.284
60.508
60.39
64.365
60.346
60.882
60.449
60.398
60.552
60.549
60.48
60.633
60.791
64.102
63.832
60.545
60.299
60.516
60.351
