60.467
60.419
60.467
60.41
60.75
61.249
60.47
60.584
60.321
60.449
60.381
61.619
61.196
67.551
61.48
60.748
60.558
60.59
60.405
60.93
60.907
61.058
60.504
61.375
60.445
61.856
66.029
65.826
61.776
60.565
66.094
61.555
60.887
60.687
60.791
61.044
60.776
60.386
61.039
60.361
61.203
66.194
60.332
60.74
64.834
60.533
60.574
60.951
60.44
61.166
64.489
61.147
60.462
60.998
60.676
60.915
60.437
60.639
60.727
60.378
60.318
60.313
60.432
60.562
60.495
65.68
60.404
60.641
60.459
60.537
60.659
60.35
60.394
60.308
63.03
60.348
60.633
60.263
64.272
60.301
60.447
60.51
60.377
60.375
60.515
60.366
60.674
60.287
63.55
60.306
60.323
60.354
63.693
60.32
60.377
60.615
60.61
60.465
60.966
60.346
60.319
60.455
60.327
60.529
60.283
60.257
60.286
60.418
60.325
60.322
60.246
60.282
60.774
60.357
60.33
60.358
60.263
60.446
60.392
60.433
