60.434
60.47
60.981
60.585
61.785
60.936
60.574
60.449
60.352
60.362
60.379
60.334
60.666
60.564
61.598
62.834
60.947
66.64
64.654
63.823
60.969
66.057
60.367
69.971
60.39
63.796
63.593
62.655
61.369
63.078
64.527
60.731
61.93
62.286
63.252
60.667
61.678
60.446
64.989
64.006
72.475
64.433
74.198
61.737
64.11
62.645
64.482
61.261
62.654
65.98
63.795
63.365
67.194
65.631
64.016
71.046
63.698
65.818
60.98
69.785
60.627
62.279
63.834
60.923
61.529
65.914
64.07
61.107
68.238
62.885
63.141
60.708
60.756
63.531
62.816
61.677
62.535
64.465
61.207
67.556
62.325
64.317
60.449
64.504
60.343
63.178
61.4
61.005
60.448
62.983
60.375
65.608
63.244
65.298
66.727
62.6
66.64
60.962
63.679
67.597
64.883
61.235
63.017
68.637
61.239
60.89
63.608
60.354
65.983
60.499
62.399
60.345
60.874
60.528
70.388
61.008
63.939
64.86
64.292
67.201
