60.472
60.455
60.469
60.455
60.469
60.455
60.469
60.398
60.469
60.398
60.469
60.398
60.469
60.398
60.469
60.398
60.469
60.398
60.469
60.398
60.469
60.398
60.469
60.398
60.469
60.398
60.469
60.398
60.469
60.398
60.469
60.398
60.469
60.398
60.469
60.398
60.469
60.398
60.888
60.48
60.723
61.298
60.807
62.244
60.467
61.205
61.582
60.59
61.077
60.764
61.182
61.225
61.306
61.528
60.383
61.144
60.195
61.695
63.815
61.451
65.104
60.491
64.53
61.083
66.762
60.883
68.866
60.887
61.524
61.983
61.286
60.28
61.783
60.426
60.79
61.452
61.24
60.934
65.679
61.548
67.719
61.16
