60.41
60.478
60.386
60.478
60.386
60.478
60.386
60.478
60.386
60.478
60.386
60.478
60.619
60.539
60.485
63.503
63.949
63.221
72.433
67.109
70.013
72.668
70.89
69.781
66.479
64.073
64.404
63.169
62.706
62.426
62.216
62.123
67.64
60.977
66.484
60.673
65.089
60.495
80.244
65.115
89.701
63.478
85.83
74.546
79.834
85.193
75.252
93.595
69.09
88.478
67.025
81.929
69.059
83.527
67.103
83.068
64.356
84.772
64.356
97.208
64.356
79.273
62.995
85.421
61.115
70.211
60.648
64.712
63.096
66.857
67.207
69.436
70.685
67.411
72.114
67.346
70.146
64.99
67.893
63.958
66.906
72.688
64.158
72.146
64.158
67.921
63.638
64.753
62.221
62.257
61.245
61.029
60.888
60.665
66.066
60.604
64.169
65.845
62.85
67.533
66.483
64.639
71.628
65.796
66.203
65.03
62.967
65.509
61.852
62.569
65.606
61.621
70.969
65.334
72.016
63.637
74.131
62.805
