60.404
60.365
60.404
60.355
61.369
61.399
60.334
60.36
60.255
60.444
91.738
85.149
86.689
89.066
90.028
90.892
62.378
63.805
77.201
74.839
76.21
76.057
83.611
83.03
90.525
89.605
77.753
80.88
80.459
80.321
82.766
81.617
82.876
83.567
70.06
70.584
69.665
69.917
79.012
77.029
69.662
69.98
70.792
71.52
72.766
72.488
73.911
74.952
76.43
75.672
76.262
76.236
80.838
80.627
76.355
76.375
82.044
81.117
86.17
85.088
77.067
77.57
82.97
83.001
88.569
91.604
72.615
72.444
69.38
69.379
63.423
63.293
73.961
73.517
75.579
75.414
84.652
84.482
91.362
91.009
84.97
85.062
91.323
90.492
85.406
85.928
86.753
93.216
91.501
90.525
87.486
91.851
84.817
91.03
76.209
76.357
91.1
90.789
86.775
87.793
87.884
87.459
91.135
94.376
92.142
92.982
88.372
89.176
94.351
91.017
92.52
90.279
77.408
60.701
71.068
70.472
80.818
80.275
89.782
90.577
