60.415
60.317
60.508
60.882
61.486
63.038
60.452
60.603
60.445
60.54
61.069
62.919
60.984
61.552
60.575
61.822
60.631
61.774
62.51
61.678
61.357
62.872
62.06
68.758
60.895
63.3
64.305
67.251
65.437
60.378
62.177
60.496
70.523
60.474
67.668
60.571
64.638
60.614
63.616
61.151
63.314
60.994
62.554
62.153
61.152
60.832
63.654
64.767
64.998
61.433
65.527
62.03
65.869
61.952
67.698
61.708
64.42
62.492
60.606
61.76
60.406
61.387
65.619
61.552
61.01
60.794
63.223
60.422
63.479
61.105
62.162
60.83
60.892
60.425
60.384
60.329
60.599
60.326
63.418
60.385
65.195
60.58
63.225
64.541
60.693
62.771
60.388
64.59
60.41
64.382
60.59
64.256
66.795
60.754
63.911
63.675
61.924
63.712
65.509
60.499
60.726
60.389
61.171
66.918
61.171
60.725
61.388
60.374
61.719
60.367
61.153
60.374
65.913
60.519
64.501
61.794
62.9
62.341
68.406
61.328
62.751
61.031
