60.433
60.317
60.433
60.317
61.456
61.449
60.305
60.443
60.363
60.634
91.296
87.153
87.882
89.857
90.264
92.325
62
65.513
80.659
77.513
78.293
77.618
86.649
85.994
91.265
90.301
77.507
78.461
81.256
81.202
82.439
82.568
85.452
85.796
60.959
60.953
60.654
60.853
74.706
72.877
66.111
66.308
67.241
67.423
68.361
68.19
68.688
70.142
71.349
71.421
73.565
73.452
84.492
84.757
75.975
75.855
78.906
78.873
88.167
86.412
75.051
75.633
78.89
78.856
82.897
82.647
71.017
80.845
67.955
67.982
71.567
71.587
81.968
81.515
79.458
79.288
85.537
85.504
91.555
91.692
67.16
67.106
74.028
73.808
82.896
82.283
65.1
71.115
69.643
69.523
74.987
74.8
84.875
84.878
87.52
87.262
92.145
92.263
91.739
91.54
79.365
79.278
89.51
89.31
90.446
90.731
89.305
88.992
90.17
92.383
81.857
81.451
88.104
88.314
84.964
84.559
93.652
92.236
75.698
75.499
