60.358
60.386
60.358
60.379
61.312
61.34
60.403
60.415
60.461
60.536
91.593
87.2
90.427
89.414
61.621
61.362
70.875
70.457
82.582
81.942
81.154
83.55
69.692
68.819
82.923
82.175
89.674
89.897
80.311
80.125
82.816
82.695
88.832
87.001
60.474
77.376
62.078
62.158
67.036
66.791
72.075
73.265
75.318
75.229
76.297
76.554
89.603
89.087
76.998
77.074
75.355
75.404
80.378
79.216
72.646
71.747
69.938
70.182
69.348
69.55
68.53
69.161
68.941
68.943
69.266
69.198
80.006
79.836
69.841
69.837
71.971
71.928
80.095
79.409
73.565
73.584
77.242
76.932
81.332
81.068
81.444
94.395
62.844
62.752
66.294
66.212
79.666
79.693
71.085
70.773
76.347
76.331
83.353
82.709
71.995
77.683
64.465
64.165
71.266
70.955
85.077
85.081
82.556
82.442
90.443
90.612
90.975
89.471
71.355
71.131
77.484
77.35
83.463
83.137
70.836
95.046
62.541
62.182
65.618
65.182
