60.393
60.375
60.476
60.932
60.969
61.742
60.477
60.538
60.311
60.352
60.291
60.345
60.25
60.311
60.231
60.307
60.218
61.497
60.382
60.502
60.423
61.167
60.231
61.059
60.287
60.902
60.227
61.002
60.735
60.887
60.286
60.497
60.448
60.588
60.463
60.975
60.233
62.068
60.247
60.392
60.242
60.694
60.296
60.719
60.335
60.738
60.228
61.169
60.273
60.852
60.211
60.679
60.301
60.353
60.198
65.077
60.766
60.775
60.259
60.73
60.585
65.06
60.327
60.695
61.702
60.435
60.292
60.361
60.546
60.526
62.201
60.455
63.832
60.318
61.073
60.427
62.193
60.406
60.918
60.575
63.061
60.307
62.679
60.432
61.477
60.34
61.207
60.468
61.061
60.588
60.3
60.344
61.392
60.48
60.425
60.257
61.343
60.365
65.034
60.43
60.854
60.41
60.901
60.309
60.528
60.292
60.692
60.466
61.989
60.334
60.506
60.563
60.84
60.436
60.908
60.279
60.726
60.412
60.302
60.424
