60.413
60.365
60.413
60.355
61.137
61.795
60.488
60.601
60.257
60.356
60.413
60.325
60.313
62.032
60.35
61.263
60.423
61.387
60.316
60.606
60.293
60.456
60.403
60.962
60.735
60.394
61.229
60.819
60.55
61.533
60.856
61.31
61.122
60.668
60.796
61.044
62.21
61.039
61.181
60.603
61.129
65.268
60.997
60.556
61.196
60.344
60.629
60.373
60.939
60.588
60.626
60.899
60.808
60.484
60.399
60.808
60.802
60.937
60.678
60.732
65.499
60.407
60.76
60.894
60.566
60.943
60.49
60.784
60.601
60.428
60.496
60.519
60.654
60.446
60.887
60.558
60.488
60.71
60.658
60.568
60.454
60.611
60.719
60.604
65.825
64.539
60.525
60.881
60.508
60.749
60.421
64.663
60.683
60.675
65.541
60.386
60.537
60.422
60.75
60.486
60.53
60.471
60.527
60.586
60.622
64.137
60.492
60.564
60.353
60.498
60.582
60.504
60.476
60.525
60.399
64.178
60.38
60.535
60.694
60.346
