60.359
60.371
72.621
60.407
65.24
67.811
68.018
63.795
68.67
61.724
73.788
61.109
72.462
67.05
68.406
74.174
75.532
70.869
73.305
68.414
76.058
65.768
76.058
65.768
76.058
65.768
70.838
94.102
65.743
75.485
75.478
75.837
73.916
67.332
71.128
70.246
68.52
70.539
69.581
67.093
74.088
73.077
73.438
70.052
68.804
72.192
66.769
74.76
77.088
73.431
70.243
75.465
67.932
69.317
73.161
68.277
83.696
65.697
92.382
63.919
86.283
68.61
77.634
71.603
71.981
70.204
72.203
74.534
66.412
71.235
69.582
77.788
67.495
70.628
65.817
72.151
69.516
70.428
76.072
71.697
68.104
81.319
68.659
72.713
65.215
71.166
63.629
67.682
68.676
66.054
72.828
65.351
67.678
63.797
