60.409
60.409
60.409
60.482
60.482
60.482
60.482
60.482
1071
60.526
737.563
60.521
140.807
60.448
107.484
64.117
88.139
68.774
81.59
69.317
78.934
70.181
78.934
65.788
78.934
63.135
78.934
68.847
78.934
66.39
78.934
68.552
76.692
73.023
66.851
75.027
64.153
70.213
63.682
67.633
63.222
70.218
62.573
75.435
61.927
70.407
61.524
69.231
73.866
74.257
70.731
71.013
78.145
72.585
73.731
68.514
69.346
66.599
63.424
69.902
69.971
66.726
66.058
65.24
69.96
74.845
69.96
74.845
69.96
70.166
67.787
65.365
66.121
63.313
63.798
72.213
62.097
66.486
69.107
67.991
74.65
65.469
71.872
66.743
67.188
63.248
70.517
61.852
70.835
61.275
74.972
60.746
71.696
60.405
67.004
60.48
68.142
64.87
63.018
68.525
67.144
67.521
68.395
65.867
64.027
69.888
62.49
72.737
61.604
69.385
65.489
65.601
63.439
