60.39
60.452
60.391
60.452
60.391
60.452
60.391
60.452
60.391
60.452
60.391
60.452
60.391
60.452
60.391
60.452
61.878
60.394
61.158
60.768
60.48
60.467
60.475
60.369
61.185
60.248
60.21
60.446
60.959
61.156
66.304
68.14
91.125
89.174
91.9
90.272
92.142
93.213
91.98
83.076
77.785
77.939
92.139
93.964
91.679
93.93
85.857
70.529
91.989
89.462
76.108
79.148
77.762
77.222
65.815
65.506
61.009
61.247
61.345
61.144
61.272
60.915
61.277
61.256
61.228
61.15
61.051
61.411
61.089
61.424
61.404
61.123
60.925
61.072
61.617
61.503
61.219
60.973
61.421
61.757
61.236
61.28
63.103
61.357
62.373
61.873
61.549
61.176
62.865
60.69
61.345
60.796
61.402
61.634
61.259
61.232
67.7
68.558
