60.448
60.463
60.448
60.45
61.402
61.78
60.533
60.537
60.405
60.348
60.326
60.336
66.217
60.32
61.07
61.547
62.927
61.057
60.95
60.325
60.879
60.41
62.599
61.003
64.637
60.592
61.999
61.015
60.555
61.112
60.416
61.45
60.464
60.943
61.559
60.695
61.18
60.699
61.268
62.087
62.214
61.513
62.334
60.696
61.976
60.95
60.552
62.634
60.431
65.984
60.338
68.632
60.278
67.316
60.34
69.467
61.766
67.134
60.819
63.152
62.339
64.139
60.504
62.862
62.486
63.104
61.799
60.442
61.015
61.901
62.57
60.527
61.103
61.914
62.576
61.764
61.053
62.426
61.325
60.902
60.791
63.083
60.555
61.754
61.688
60.811
60.363
61.433
61.006
60.398
61.637
61.771
60.373
61.564
60.381
61.755
63.274
63.261
60.444
61.839
60.383
61.043
60.396
65.448
60.313
62.588
60.27
61.139
60.802
60.946
60.872
60.845
60.271
62.682
61.765
60.906
60.292
62.72
61.462
60.791
