60.286
60.382
60.873
60.469
62.138
62.946
61.809
60.331
60.558
60.283
62.101
60.228
66.572
60.29
62.788
60.265
60.987
63.957
65.915
61.996
65.175
68.619
62.458
72.082
61.177
69.672
60.737
63.205
60.66
68.695
67.765
64.989
70.049
63.833
72.129
61.467
74.396
60.811
69.683
60.622
68.744
60.443
72.313
60.501
73.005
65.449
70.08
66.369
71.472
70.207
66.961
64.804
68.814
63.77
64.715
62.069
68.506
61.635
67.385
66.39
74.587
65.771
71.21
64.513
74.31
63.122
75.571
66.74
78.846
66.506
72.205
63.17
67.401
65.828
63.12
62.075
61.896
65.19
60.913
61.825
60.708
61.008
65.632
70.41
62.476
68.692
66.645
71.107
67.463
65.888
62.727
68.102
62.093
66.163
62.724
65.423
61.596
65.423
62.554
64.745
65.189
64.745
61.261
64.745
60.806
64.745
65.29
64.745
64.604
64.745
62.489
155.633
65.907
124.196
