60.408
60.305
60.408
60.312
60.344
60.344
60.37
60.427
60.387
61.104
60.392
60.3
60.309
60.425
60.403
60.409
60.612
60.335
60.326
60.63
60.325
60.356
60.293
60.358
60.226
60.304
60.205
60.265
60.206
60.299
60.206
60.293
60.212
60.306
60.199
60.259
60.222
60.307
60.228
60.282
60.24
60.214
60.227
60.272
60.381
60.367
60.413
60.34
60.23
60.324
60.284
60.335
60.232
60.267
60.265
60.323
60.262
60.313
60.258
60.283
60.31
60.236
60.248
60.305
60.246
60.228
60.15
60.34
60.388
60.267
66.907
68.468
91.631
90.669
92.781
91.488
92.408
93.752
73.764
60.969
92.905
91.238
91.346
92.355
91.989
92.433
91.656
92.089
74.853
82.247
93.093
95.102
91.898
96.565
91.741
94.266
90.042
89.293
89.688
92.515
71.456
71.706
60.172
60.199
60.202
60.238
60.207
60.372
60.22
60.309
60.174
60.223
60.171
60.372
60.169
60.362
60.171
60.363
60.183
60.352
