60.417
60.413
60.365
60.512
60.894
63.334
60.873
60.933
65.431
60.384
69.719
60.389
67.852
60.429
67.341
60.461
67.272
64.119
65.035
67.043
62.878
69.918
67.465
68.394
65.188
64.637
68.936
64.997
66.059
64.197
66.45
64.197
71.319
64.197
70.201
91.071
68.645
83.826
65.369
72.39
63.465
67.516
65.058
66.914
65.103
68.406
68.901
65.003
65.997
68.814
74.209
68.682
71.03
72.219
71.225
65.094
64.466
69.421
62.203
79.513
61.391
74.713
61.146
65.558
72.542
67.203
67.456
66.967
72.427
63.897
82.798
64.686
76.333
70.749
68.887
71.116
67.596
82.188
73.545
71.767
66.728
72.039
66.728
68.538
66.728
67.596
88.27
64.536
79.114
67.896
71.277
68.341
68.797
72.061
65.282
70.483
65.282
69.177
65.282
64.874
104.247
63.676
82.95
62.622
82.092
61.789
70.171
