60.423
60.49
60.419
60.481
60.828
60.773
60.428
60.407
60.468
60.43
60.505
60.644
60.61
60.59
60.93
60.8
60.373
60.338
60.306
60.31
60.328
60.309
60.343
60.277
60.35
60.231
60.318
60.22
60.365
60.222
60.351
60.22
60.317
60.273
60.337
60.282
60.305
60.244
60.285
60.246
60.316
60.263
60.295
60.248
60.276
60.209
60.324
60.258
60.296
60.258
60.281
60.232
60.307
60.26
60.492
60.251
60.562
60.368
60.438
60.411
60.681
60.428
61.119
60.574
60.338
60.484
61.467
61.929
77.962
79.303
93.576
90.538
93.075
91.363
92.72
91.16
75.237
64.378
94.509
92.585
93.083
92.488
91.717
92.809
91.698
92.382
86.765
87.469
91.95
92.305
96.441
91.998
84.403
84.077
68.244
68.079
60.203
60.296
60.234
60.193
60.228
60.292
60.242
60.228
60.312
60.193
60.212
60.235
60.249
60.304
60.21
60.366
60.244
60.338
60.299
60.212
60.32
60.287
60.321
60.326
