60.376
60.355
60.767
60.982
62.487
62.473
60.399
60.471
60.307
60.4
60.533
60.636
60.383
60.461
60.337
60.496
65.948
60.416
60.52
60.35
60.313
60.391
60.312
60.34
60.328
60.325
60.33
60.368
60.321
60.346
60.335
60.337
60.285
60.283
60.346
60.426
60.345
60.422
60.33
60.484
60.372
60.454
60.358
60.395
60.382
60.501
60.265
60.32
60.373
60.417
60.335
60.409
60.338
60.395
60.346
60.464
60.325
60.37
60.312
60.388
60.415
60.601
60.307
60.317
60.319
60.424
60.271
60.353
61.29
60.205
60.278
60.301
60.654
60.319
60.565
60.354
60.443
60.451
61.914
60.486
62.249
60.498
60.58
60.289
60.506
60.323
60.505
60.332
60.363
60.289
60.445
60.475
60.31
60.396
60.318
60.633
60.347
60.184
60.193
60.288
60.33
60.426
60.287
60.481
60.389
60.442
60.74
60.3
60.226
60.433
60.273
60.358
60.25
60.594
61.007
60.332
60.42
61.472
60.29
60.301
