60.437
60.368
60.428
60.368
61.821
61.011
60.607
60.5
60.711
60.562
60.583
60.496
60.463
60.708
60.354
60.878
60.617
60.86
60.561
61.59
60.621
60.631
61.405
60.967
60.397
66.191
60.505
66.782
60.315
62.121
60.586
60.593
60.508
60.455
60.556
60.446
60.683
60.439
60.563
60.331
61.203
60.318
61.066
60.343
60.775
60.508
61.974
60.299
60.463
60.283
60.511
60.305
60.738
60.337
61.497
60.338
60.579
60.364
60.572
60.401
65.457
60.281
60.762
60.282
60.405
60.353
60.458
60.335
60.376
60.273
60.328
60.307
60.454
60.362
60.397
60.407
60.28
60.293
60.399
60.356
60.552
60.3
60.305
60.479
60.45
61.005
60.315
60.262
60.349
60.364
60.594
60.295
60.609
60.275
60.997
60.399
61.094
60.332
60.519
60.32
60.424
60.272
60.339
60.254
60.454
60.294
60.479
60.328
60.392
60.309
60.356
60.307
60.421
61.279
60.42
60.443
60.354
62.033
60.867
60.327
