60.487
60.44
60.487
60.44
60.487
60.44
60.487
60.44
60.487
60.44
60.487
60.44
60.487
60.44
60.487
60.44
60.487
60.44
60.487
60.44
60.487
60.44
60.487
60.44
60.478
60.55
60.528
60.476
60.558
64.338
60.504
70.903
64.316
70.903
66.029
70.903
62.812
68.514
68.064
68.514
68.914
64.632
66.877
62.586
71.39
64.972
72.866
63.968
70.004
68.36
71.729
66.514
74.845
64.53
68.933
69.55
67.865
71.346
67.865
68.227
67.865
73.379
66.184
70.413
64.341
68.062
62.676
72.986
68.654
83.312
73.306
77.939
71.684
72.194
68.989
69.409
68.989
67.277
67.866
67.277
67.866
67.277
91.721
67.277
81.334
67.277
74.36
67.277
74.367
65.088
71.053
62.3
73.651
61.875
70.631
61.499
75.541
66.296
