60.346
60.437
60.93
60.624
60.953
60.613
60.631
60.495
60.624
60.489
60.577
60.449
60.462
61.199
61.731
60.582
60.777
60.778
60.911
60.925
60.8
60.542
60.519
60.427
60.504
60.362
60.576
60.325
60.495
60.353
60.505
60.422
60.449
60.302
60.538
60.427
60.52
60.273
60.403
60.339
60.505
60.357
60.46
60.305
60.455
60.335
60.492
60.38
60.545
60.448
60.541
60.405
60.556
60.44
60.515
60.414
60.502
60.404
60.474
60.375
60.543
60.424
60.485
60.363
60.498
60.403
60.603
60.426
60.406
60.314
60.484
60.3
60.562
60.429
60.517
60.357
60.372
60.315
60.469
60.378
60.447
60.274
60.479
60.367
60.534
60.386
60.385
60.312
60.518
60.338
60.494
60.238
60.358
60.325
60.469
60.285
60.396
60.314
60.463
60.321
60.508
60.333
60.391
60.418
60.519
60.403
60.466
60.389
60.487
60.353
