60.466
60.494
60.46
60.494
61.465
60.871
63.041
60.49
68.319
63.196
63.905
63.897
63.103
64.8
61.009
65.118
61.612
73.933
64.131
62.709
64.803
61.441
61.816
60.948
63.485
60.642
61.059
60.526
64.062
80.839
72.217
72.425
67.431
65.795
73.189
63.102
71.944
62.231
68.147
71.102
71.377
70.009
72.225
72.183
75.874
74.652
74.234
66.866
67.56
68.196
65.583
62.349
64.895
65.502
70.994
64.787
69.1
66.774
66.5
67.933
67.883
70.042
72.496
68.907
73.406
71.767
69.207
71.314
70.116
72.783
65.155
66.795
63.154
68.554
64.758
71.002
62.334
71.617
61.376
64.767
64.205
68.007
62.473
65.619
63.877
71.869
62.083
71.183
61.187
65.977
64.833
62.362
67.74
64.697
68.772
62.28
69.483
65.459
63.626
64.355
62.397
65.981
61.753
64.674
71.576
64.033
