60.42
60.447
60.411
60.447
61.091
60.895
63.659
60.638
62.996
60.32
65.591
60.329
70.426
62.461
69.654
62.619
64.67
64.642
64.339
62.612
65.173
64.124
64.077
67.372
62.569
66.394
62.068
70.556
61.5
70.179
61.5
68.155
74.133
70.078
74.133
67.888
74.133
66.108
74.133
68.493
74.133
67.549
74.133
63.623
74.133
66.145
67.462
63.403
65.109
70.476
62.475
71.609
70.29
66.136
65.504
67.93
65.946
63.571
70.194
61.936
68.811
61.29
86.566
60.772
77.848
60.533
72.033
60.399
74.394
60.374
72.595
66.719
71.02
64.079
65.833
62.553
61.792
63.772
65.169
64.108
68.106
62.601
64.542
69.879
62.444
68.362
65.613
63.879
62.9
61.902
61.679
60.983
60.933
60.55
64.961
60.386
64.967
64.425
63.711
68.392
62.634
62.692
66.714
61.241
62.447
60.492
65.286
60.339
62.792
60.282
