60.434
60.426
60.431
60.426
60.819
60.793
60.411
60.393
60.548
60.487
60.592
60.575
60.71
60.645
60.606
60.895
60.628
60.496
60.483
60.403
60.489
60.472
60.408
60.352
60.447
60.232
60.364
60.227
60.345
60.214
60.359
60.206
60.34
60.222
60.343
60.201
60.552
60.2
60.393
60.242
60.602
60.229
60.749
60.216
60.365
60.198
60.355
60.223
60.372
60.245
60.366
60.259
60.563
60.221
60.402
60.235
60.43
60.255
63.138
60.209
60.599
60.244
60.374
60.246
60.338
60.198
60.298
60.2
60.326
60.184
61.064
61.907
61.905
61.673
62.913
63.983
69.391
71.316
77.223
78.37
80.869
81.261
88.953
90.049
90.225
89.861
93.626
89.714
90.737
91.643
90.56
91.144
95.57
89.888
91.284
87.099
92.854
91.613
90.661
92.587
61.775
87.955
92.696
92.238
93.478
91.961
90.527
91.934
92.522
90.366
90.888
91.922
80.609
80.456
75.937
75.864
63.675
63.663
60.287
60.256
