60.396
60.456
60.39
60.456
61.458
61.088
61.556
61.169
61.391
60.721
60.669
61.232
65.376
62.515
61.652
61.399
60.442
60.338
60.641
60.402
60.376
61.002
61.086
60.598
61.426
60.205
60.83
61.19
61.154
61.304
60.635
61.208
60.417
61.229
60.821
61.088
61.37
60.995
63.32
61.284
66.421
61.246
63.741
60.759
65.342
61.137
66.765
60.833
61.33
61.38
60.325
61.321
60.383
61.338
68.12
60.975
69.561
60.938
62.226
60.908
72.327
61.26
62.845
61.191
60.278
60.824
64.355
60.214
66.469
60.934
63.117
61.126
69.701
60.503
61.163
61.057
61.478
61.282
64.838
61.03
64.454
60.243
63.868
60.219
63.182
61.188
61.452
60.813
66.362
61.147
65.86
61.129
62.736
61.394
69.14
61.169
71.218
61.005
69.64
60.954
