60.412
60.374
60.506
61.116
61.063
61.764
60.541
60.703
60.443
60.223
60.425
60.403
60.322
61.3
60.336
61.287
65.752
60.903
62.3
60.455
66.735
60.301
62.966
60.239
61.489
60.528
62.404
60.292
62.834
60.3
62.588
60.265
60.841
60.224
62.349
60.778
64.686
60.353
61.364
60.253
63.452
60.251
64.846
60.499
63.563
60.301
61.916
60.402
63.584
60.307
61.562
66.748
64.907
60.59
67.272
61.186
65.965
60.349
70.655
61.532
64.126
61.785
63.45
60.305
62.735
60.341
66.854
60.378
64.79
61.48
64.238
68.57
65.07
62.012
63.799
60.635
64.863
62.459
63.05
60.526
61.467
60.427
63.222
61.572
66.211
61.928
64.159
64.149
62.479
64.829
60.924
63.318
61.542
61.483
60.3
65.618
60.557
68.609
61.526
65.914
60.836
63.61
63.439
64.587
60.954
66.177
61.762
61.994
61.393
65.899
60.53
65
60.661
66.877
60.361
67.819
60.712
62.176
61.997
61.644
