60.494
60.533
60.493
60.533
62.959
61.501
60.503
60.387
60.381
60.398
60.377
61.109
60.765
61.009
60.295
60.292
60.359
60.596
60.361
60.948
60.491
60.571
60.851
67.136
61.06
60.973
60.96
66.07
60.668
60.555
60.769
60.472
60.99
60.363
60.706
60.343
60.694
60.719
60.74
60.463
60.9
60.458
60.697
60.625
60.831
60.918
60.829
60.555
60.755
60.69
60.561
60.438
62.839
62.441
60.6
61.744
66.651
66.296
60.894
61.775
60.527
67.207
65.892
66.733
60.656
61.811
61.142
60.693
60.342
60.342
60.308
60.329
60.477
60.908
62.229
63.955
63.7
61.341
62.017
62.808
60.515
60.734
65.367
65.633
60.674
62.834
62
61.084
61.572
64.661
62.506
67.138
65.661
67.793
60.454
65.892
60.361
66.169
60.386
66.795
61.387
62.562
60.565
63.913
61.789
67.926
61.38
62.807
61.227
65.105
61.355
61.65
61.075
60.8
60.447
64.435
61.016
61.372
61.519
61.806
