60.486
60.4
60.486
60.386
61.565
61.648
60.531
60.493
60.502
60.472
60.609
60.472
60.681
60.484
60.581
60.556
60.53
60.669
61.938
60.726
60.585
61.81
62.742
62.016
60.505
60.454
66.612
61.17
61.342
61.08
60.536
60.699
61.591
60.535
60.436
61.032
60.715
60.926
60.725
60.34
61.396
60.463
60.525
60.444
61.182
60.454
60.511
60.388
60.991
60.415
60.643
61.08
60.63
60.476
60.387
60.535
60.744
66.245
60.87
60.539
61.276
60.407
60.425
62.542
60.91
60.468
60.491
60.625
60.958
60.671
61.109
61.46
60.897
61.282
60.408
61.237
60.63
60.961
61.163
61.687
61.514
61.107
61.172
61.034
60.55
60.832
60.462
63.578
61.062
61.345
61.022
60.752
61.122
60.88
60.573
60.657
60.671
60.547
60.665
60.481
61.609
60.848
60.921
60.776
60.357
60.672
60.632
60.866
60.582
60.923
60.356
60.531
60.369
60.489
60.346
60.78
60.41
60.699
60.865
60.352
