60.387
60.3
60.387
60.291
61.549
61.322
60.309
60.422
60.286
60.619
66.297
64.137
88.949
87.814
91.319
89.753
60.567
67.051
64.095
64.035
71.277
73.409
76.694
76.306
83.227
82.796
91.896
90.073
66.446
67.162
69.363
69.181
75.591
73.983
71.969
71.948
72.27
72.386
77.395
74.352
70.406
69.027
69.341
69.686
72.977
73.033
74.551
74.727
79.462
80.208
76.731
76.771
79.538
78.643
88.103
88.065
76.005
75.963
78.193
78.173
82.542
81.978
61.748
62.439
62.096
61.878
64.717
64.639
72.691
73.216
71.918
71.795
76.93
76.785
90.078
89.586
76.361
76.382
81.465
81.277
88.208
87.988
63.274
62.019
62.694
62.391
63.816
63.594
68.756
69.164
68.575
68.404
71.837
71.862
86.862
86.864
79.887
79.607
85.627
85.253
68.14
68.185
69.016
68.816
75.601
75.529
83.419
82.757
90.196
90.569
86.079
86.146
92.563
91.896
82.347
82.377
62.427
60.588
