60.387
60.416
60.38
60.416
61.299
61.098
60.553
60.508
60.493
60.383
61.661
60.375
62.613
62.258
61.481
61.321
60.776
60.539
60.671
60.359
60.734
60.557
60.769
61.592
61.507
61.059
66.85
61.234
61.283
61.058
61.123
61.103
60.723
60.737
61.188
60.932
66.512
65.854
60.698
60.538
61.189
60.489
60.443
60.486
60.399
60.612
60.907
60.335
60.408
60.579
60.368
60.793
60.685
60.699
60.847
60.47
65.59
60.566
61.008
60.735
60.584
60.782
60.299
60.686
60.564
60.573
60.306
62.094
60.399
60.554
64.518
64.79
60.485
60.454
60.303
60.411
60.343
61.081
60.739
60.623
60.428
60.411
60.415
60.437
60.408
60.54
60.383
60.725
60.544
60.714
60.46
60.548
60.39
60.5
60.465
60.692
60.473
60.439
60.401
60.616
61.231
60.505
60.448
60.679
60.569
60.567
60.561
60.441
60.579
60.501
60.361
60.978
60.345
60.446
60.395
60.379
60.432
60.742
60.486
60.668
