60.346
60.349
60.346
60.39
63.302
61.39
61.003
60.198
60.512
60.22
60.313
60.779
63.861
60.312
64.877
63.441
63.612
62.227
63.932
60.514
61.946
62.111
70.392
62.235
61.386
60.451
63.41
65.253
61.253
61.645
62.498
61.318
62.216
61.291
60.953
61.917
68.252
63.31
61.451
60.924
60.5
61.404
60.407
62.084
61.676
64.212
62.622
62.84
61.388
61.446
62.455
65.689
61.244
64.069
60.33
63.643
60.37
62.941
60.473
62.773
63.782
63.114
62.171
63.228
60.446
64.9
60.574
66.271
61.633
61.202
62.267
60.792
64.706
68.504
63.931
61.82
67.199
64.045
61.117
65.179
60.527
65.651
60.489
66.041
63.776
61.291
62.287
62.238
62.01
63.769
60.703
67.088
60.468
69.663
60.403
71.676
62.615
68.662
62.904
67.291
63.816
67.912
64.851
63.298
60.563
61.405
60.392
64.909
61.124
64.077
62.528
68.496
62.441
73.031
66.267
63.597
61.664
67.253
60.585
70.673
