60.234
60.366
60.239
60.366
61.761
60.948
60.608
60.475
60.357
60.332
60.384
60.388
61.267
62.74
60.589
61.052
62.455
60.372
60.801
60.469
60.501
61.177
60.373
61.578
66.367
60.567
61.712
61.297
63.466
61.408
68.058
66.099
62.15
60.874
70.248
61.399
64.583
60.448
65.595
60.531
61.034
61.855
63.406
60.483
64.631
60.565
60.846
60.59
62.928
60.443
61.505
65.885
60.99
60.926
60.374
61.369
62.188
61.366
62.547
61.318
60.591
65.462
62.108
63.406
61.927
63.757
60.556
62.841
60.276
61.724
62.343
60.44
60.704
60.258
62.022
60.664
61.399
60.921
63.221
61.526
64.244
61.839
63.117
60.799
63.394
65.574
62.309
63.296
64.301
61.122
63.428
64.967
67.21
62.8
62.946
62.643
62.191
63.003
61.67
62.677
61.926
63.465
62.871
63.076
63.525
61.101
65.097
61.034
65.258
62.577
66.335
60.714
66.552
62.661
63.364
64.813
64.467
61.577
64.108
63.875
