60.404
60.479
60.395
60.479
62.912
62.167
60.571
60.539
60.424
60.426
61.052
60.938
60.984
60.6
60.508
60.436
60.53
60.399
60.765
60.591
60.894
60.668
60.877
60.572
60.571
60.518
60.521
61.454
60.464
60.368
60.959
61.131
60.904
62.235
60.534
60.675
60.405
60.949
60.543
60.434
60.912
60.585
60.911
60.613
60.37
60.361
60.33
60.388
60.383
60.561
60.382
60.418
60.385
60.429
60.549
62.086
60.535
62.113
65.993
60.994
61.488
62.777
60.782
67.118
60.331
62.436
60.9
60.836
65.538
60.707
60.766
60.556
60.378
60.315
60.36
60.339
60.853
60.425
61.434
60.368
60.429
60.355
60.376
60.474
60.371
60.462
61.035
60.74
61.058
60.384
60.399
60.454
60.323
60.649
60.451
61.564
61.087
61.785
60.98
60.672
60.382
62.273
60.433
60.366
60.322
61.667
61.116
63.189
60.958
63.138
60.503
60.4
60.395
60.487
60.389
61.51
61.033
61.461
60.982
61.638
