60.391
60.402
60.375
60.388
60.802
60.405
60.456
60.492
60.47
60.44
60.512
60.417
60.636
60.369
60.845
60.48
60.383
60.37
60.363
60.602
60.308
60.288
60.246
60.285
60.222
60.246
60.261
60.252
60.27
60.586
60.29
60.334
60.307
60.266
60.267
60.28
60.269
60.241
60.528
60.204
60.276
60.206
60.291
60.219
60.273
60.21
60.26
60.217
60.223
60.221
60.295
60.3
60.309
60.335
60.255
60.221
60.282
60.211
60.38
60.214
60.369
60.216
60.333
60.201
60.313
60.185
60.334
60.239
60.291
60.256
60.308
60.195
60.252
60.181
60.305
60.213
60.272
60.421
60.249
60.514
60.21
60.424
60.222
60.413
60.25
60.427
60.225
60.408
60.236
60.488
60.347
60.345
60.303
60.485
60.417
60.533
60.52
60.336
60.505
60.268
60.404
60.393
60.445
60.655
62.025
60.729
62.189
60.764
91.423
82.875
91.26
92.56
84.023
88.824
61.152
64.829
61.947
63.448
92.836
91.999
