60.459
60.384
60.459
60.398
60.716
60.843
61.11
61.4
61.119
60.901
61.055
61.296
62.062
61.321
61.791
61.102
61.857
61.138
60.69
60.653
61.061
61.212
60.965
60.808
61.139
61.06
60.904
60.787
60.55
61.15
60.924
60.487
60.906
60.527
60.537
60.965
61.473
60.713
60.86
60.639
61.538
60.596
62.523
61.224
61.077
61.191
60.685
61.409
60.993
60.822
61.061
60.991
61.586
61.271
61.066
60.652
60.665
60.337
61.676
61.261
61.417
60.37
60.86
60.387
63.108
60.567
61.736
60.522
61.532
60.387
61.227
60.49
61.065
61.182
61.19
61.345
60.891
60.766
61.414
60.706
61.415
61.141
60.789
60.837
61.338
61.045
60.811
60.583
61.757
60.345
60.527
60.594
60.255
61.926
60.701
61.021
60.483
61.097
60.398
60.944
