60.415
60.368
60.848
60.51
60.611
60.463
65.972
65.51
63.881
65.531
66.542
82.817
63.035
73.556
69.555
62.649
67.343
62.171
65.656
61.389
69.371
61.136
69.609
61.136
63.187
97.369
61.927
82.048
73.546
67.738
63.403
64.096
61.744
62.182
70.062
66.179
68.762
64.215
67.667
63.688
67.667
62.271
64.638
60.885
63.579
60.76
62.463
60.469
61.701
60.343
61.701
64.28
61.109
62.653
60.584
61.766
60.455
61.232
65.504
66.668
71.374
64.005
68.735
64.117
72.51
69.15
67.61
73.043
65.871
80.232
75.163
77.745
70.178
71.915
66.865
79.897
70.732
84.584
67.717
74.304
65.241
68.489
64.039
65.957
63.562
64.612
68.92
64.035
74.383
64.035
68.488
63.116
66.545
66.633
72.491
69.192
72.491
64.835
66.562
63.883
63.467
63.883
61.157
63.883
60.763
63.883
60.577
63.883
60.384
63.883
60.321
131.482
60.298
81.623
60.228
71.221
