60.402
60.39
60.402
60.38
61.47
62.926
60.441
60.524
60.278
60.656
60.319
62.866
60.7
62.337
60.264
61.061
60.262
65.487
60.357
61.576
60.306
60.657
63.122
64.594
62.26
61.986
61.757
60.613
60.605
60.487
61.946
61.264
62.751
60.515
60.616
66.442
61.673
65.634
61.616
60.937
63.17
60.539
63.885
64.624
61.485
63.345
66.017
60.682
64.434
62.028
61.614
61.841
65.059
68.404
62.382
60.672
60.709
60.302
60.568
60.212
60.31
60.503
65.353
60.361
61.024
60.277
64.097
60.236
60.589
60.306
60.293
60.249
60.332
60.738
60.26
60.269
61.141
60.405
61.249
60.345
60.414
60.316
62.648
61.182
60.472
61.024
61.901
60.808
61.123
61.135
60.968
60.353
66.178
60.295
61.128
60.648
60.368
61.285
60.451
60.385
63.741
60.394
61.52
61.672
66.134
62.794
67.379
61.023
69.216
60.965
67.717
62.573
64.362
63.06
64.793
60.643
66.572
60.542
70.529
62.531
