60.355
60.383
60.344
60.381
61.297
61.104
60.428
60.392
61.065
60.266
84.619
91.121
91.168
89.822
78.293
90.958
77.891
81.726
74.124
73.776
83.695
84.83
91.255
91.011
82.455
89.505
90.197
91.453
83.033
89.212
89.836
91.102
78.606
79.797
63.563
65.11
67.003
69.893
63.145
76.077
67.773
67.535
73.274
74.366
81.246
82.83
78.282
79.415
81.881
82.358
91.094
91.461
80.728
78.315
85.363
85.553
83.941
83.963
91.145
95.977
84.205
83.464
88.892
89.497
92.921
92.064
72.641
77.96
84.875
83.603
91.218
91.263
89.946
93.471
63.3
74.582
76.407
77.04
72.875
73.639
76.36
71.953
84.691
85.189
89.077
77.777
73.982
73.967
63.599
63.304
64.857
64.703
75.515
75.892
85.883
85.198
94.529
90.876
86.323
86.115
93.516
92.212
69.286
68.533
73.206
72.848
79.056
78.183
76.698
78.174
84.924
85.911
77.259
74.315
88.458
86.766
84.954
85.224
89.787
89.297
