60.396
60.505
60.432
60.471
60.404
60.513
60.718
60.55
61.06
60.713
61.566
60.529
61.269
60.29
60.396
60.225
60.844
61.223
60.668
61.18
61.538
60.878
60.352
61.203
60.871
61.111
61.189
61.642
72.179
91.472
83.713
91.412
67.724
77.733
80.784
89.082
67.19
70.46
60.504
61.239
60.938
61.163
60.416
61.449
60.566
61.231
61.448
61.382
61.408
61.206
61.391
61.146
60.388
60.838
60.319
61.22
61.122
61.264
60.508
62.345
60.298
61.294
60.455
61.19
60.314
61.325
60.303
61.159
60.852
61.274
61.122
61.099
61.254
61.113
61.232
61.224
61.66
61.367
60.483
60.987
61.586
61.172
61.657
61.074
60.307
61.189
60.718
61.152
60.516
61.041
61.493
61.209
60.954
61.32
61.245
61.121
60.867
60.772
61.319
60.911
61.1
61.215
60.581
61.335
61.017
62.818
61.543
61.123
60.603
60.885
60.982
60.995
61.124
61.031
61.003
61.251
61.097
61.314
