60.453
60.483
60.432
60.472
60.877
60.507
60.979
60.444
60.531
60.559
60.602
60.416
60.702
60.333
60.789
60.199
60.482
60.883
71.552
82.674
76.13
85.445
89.94
91.758
83.675
77.986
62.784
60.387
61.151
61.18
61.144
61.048
61.342
60.338
61.374
60.29
61.894
60.364
60.937
60.336
61.91
61.231
60.533
60.337
60.374
61.317
60.528
60.639
60.525
60.414
60.384
60.698
60.536
60.387
60.361
60.848
60.406
60.335
61.157
60.949
60.554
60.956
60.564
61.358
60.373
61.062
61.125
61.347
60.358
61.071
60.565
61.063
61.09
61.095
60.444
60.979
60.401
60.824
60.577
61.166
60.875
60.427
60.837
60.847
60.563
61.26
60.494
60.929
60.366
61.131
60.896
61.06
60.441
61.334
60.464
61.002
60.445
61.333
60.449
60.917
60.373
60.802
60.355
61.172
60.383
61.309
61.239
62.292
60.632
61.04
60.519
60.42
60.479
60.41
61.677
61.357
60.801
61.263
