60.338
60.405
60.338
60.405
60.338
60.405
60.295
60.405
60.295
60.405
60.295
61.52
60.663
61.609
61.656
60.501
61.766
60.704
61.531
61.084
60.897
60.615
60.825
61.459
61.795
62.611
62.381
61.657
60.536
61.333
61.885
61.337
60.465
61.067
60.924
61.152
60.725
60.9
61.364
62.149
61.571
60.816
61.571
60.795
61.571
60.861
61.313
61.311
61.341
64.349
60.534
62.938
62.172
63.41
63.963
62.278
62.072
61.31
62.272
61.821
61.157
61.97
61.747
60.992
61.496
60.652
60.974
61.395
61.513
61.96
63.941
62.875
60.93
66.357
62.091
63.662
62.067
65.265
61.235
62.031
60.868
61.612
62.546
62.189
62.33
61.819
61.335
61.14
62.289
61.442
61.232
62.269
61.969
61.438
61.415
60.941
61.435
63.765
61.83
62.24
61.763
62.468
62.017
62.789
60.984
61.985
62.189
