60.435
60.415
60.435
60.409
60.4
60.321
60.517
60.396
60.474
60.454
60.43
60.434
60.346
60.35
60.454
60.457
60.768
60.743
60.494
60.468
60.76
60.376
60.378
60.389
60.423
60.378
60.438
60.362
60.307
60.25
60.468
60.291
60.426
60.278
60.423
60.336
60.468
60.306
60.329
60.329
60.266
60.362
60.268
60.281
60.316
60.319
60.241
60.252
60.222
60.264
60.351
60.363
60.349
60.331
60.313
60.281
60.32
60.307
60.188
60.232
60.215
60.269
60.259
60.243
60.204
60.202
60.217
60.195
60.205
60.183
60.79
60.223
63.603
63.449
72.147
71.413
76.685
75.594
83.01
82.565
87.346
87.431
90.554
91.032
90.768
90.375
95.475
90.67
96.603
70.375
91.896
90.278
91.92
90.6
92.416
91.537
91.626
93.21
91.995
91.209
92.213
92.864
91.358
90.774
91.401
91.016
90.684
90.845
91.106
90.778
78.713
78.798
60.199
60.28
60.538
60.269
60.301
60.278
60.323
60.284
