60.396
60.396
60.396
60.396
60.396
60.396
60.396
60.396
1071
60.407
834.138
61.26
364.305
60.355
115.065
60.232
60.725
91.101
86.506
91.087
89.164
90.985
88.073
77.701
78.523
71.051
70.753
77.528
76.468
61.97
62.321
73.345
70.652
76.907
76.924
80.786
80.39
87.656
83.566
65.216
63.947
60.899
60.632
60.74
60.724
74.242
75.307
65.784
64.941
64.853
64.242
70.718
73.57
61.223
61.743
64.934
62.637
62.158
63.451
79.418
77.241
77.846
77.704
88.095
87.276
91.396
91.216
84.339
84.404
91.177
91.504
90.481
91.873
83.143
86.356
89.104
88.273
90.992
90.121
82.288
84.148
80.504
80.137
86.569
85.813
91.028
90.789
86.299
86.019
91.223
91.434
91.203
90.456
81.521
83.829
86.93
86.84
91.334
91.383
88.096
88.224
84.641
84.583
88.162
88.244
91.145
91.124
84.82
84.382
90.953
91.275
90.874
90.987
