60.347
60.331
60.347
60.313
60.347
60.313
60.347
60.313
60.347
60.313
60.67
60.75
60.593
60.948
60.6
60.526
60.372
60.627
60.371
60.586
60.381
60.486
61.838
61.68
61
60.972
70.247
64.798
64.758
63.156
66.141
63.156
67.541
63.156
65.833
63.156
64.573
63.156
67.201
63.156
66.354
63.156
91.311
61.334
84.096
60.889
84.096
60.64
122.459
64.927
114.696
63.845
114.696
62.322
114.696
68.009
114.696
64.826
107.859
62.963
96.728
62.963
88.164
62.963
78.963
61.826
71.216
61.63
67.607
61.63
69.87
61.427
67.3
61.027
66.091
61.027
63.67
61.027
62.907
60.792
67.809
60.669
67.809
60.537
67.809
60.556
127.208
70.285
105.26
87.044
94.706
95.011
83.415
80.711
72.226
73.966
65.048
69.496
63.592
68.309
65.428
65.68
64.187
64.02
63.663
62.289
62.294
61.505
61.109
61.243
65.486
61.037
62.931
71.044
62.282
68.61
61.776
73.963
61.302
73.963
67.032
73.963
