60.356
60.335
60.356
60.334
60.389
60.783
60.437
60.376
61.011
60.385
61.21
60.909
60.417
60.461
60.374
60.465
61.264
60.405
60.541
60.384
60.658
60.381
60.473
60.397
60.631
60.397
61.167
61.297
60.339
60.309
60.252
60.66
60.472
60.453
60.843
61.246
60.306
60.354
60.548
60.475
60.714
60.262
60.301
61.055
60.252
60.193
60.223
60.205
60.32
60.194
60.468
60.223
60.283
60.236
60.282
60.231
60.325
60.198
60.256
60.226
60.262
60.217
60.352
60.312
60.96
60.188
60.344
60.272
60.3
61.257
61.239
60.231
60.304
61.283
60.238
60.227
60.361
60.266
61.187
60.266
60.235
60.241
60.198
60.207
61.303
60.197
60.272
60.196
60.239
60.514
60.477
60.505
61.298
61.124
60.354
60.217
60.214
60.164
60.213
60.189
60.277
61.154
60.243
60.21
60.281
60.174
61.191
61.169
60.19
60.276
60.238
61.145
60.234
60.191
60.281
60.166
60.329
60.339
