60.382
60.368
60.508
60.96
61.514
62.719
60.545
63.495
60.44
61.393
60.413
60.595
60.865
60.385
60.397
60.499
60.226
60.291
60.467
61.27
60.368
60.32
60.596
60.424
60.441
60.525
65.931
70.02
60.87
66.367
64.941
64.125
60.71
63.422
60.84
60.699
60.463
61.499
61.042
62.288
61.011
62.12
60.773
61.408
63.498
62.002
60.644
63.155
62.066
61.064
60.63
65.229
61.649
63.389
62.703
63.488
60.452
64.949
60.415
63.429
60.521
64.98
60.467
70.139
62.026
64.479
60.473
60.839
60.297
60.526
60.427
62.295
60.415
65.588
60.321
62.373
60.59
63.781
60.823
62.88
60.586
60.868
61.83
60.818
62.219
60.672
60.648
60.429
65.519
62.777
64.94
62.988
63.35
62.393
61.416
66.724
62.679
62.325
62.51
61.773
60.626
60.514
63.553
63.642
62.808
66.668
63.146
64.516
63.307
62.387
62.071
64.343
62.861
62.982
61.578
62.671
70.208
64.951
65.791
66.149
