60.396
60.468
60.396
60.452
60.396
60.452
60.469
60.702
60.385
60.437
60.439
60.505
60.375
64.659
60.328
63.246
60.328
63.246
60.328
101.84
82.732
96.665
75.336
96.665
77.88
84.797
69.34
72.885
71.881
71.274
67.009
65.941
67.009
64.058
79.016
68.497
76.764
65.845
74.669
67.664
74.669
64.362
67.745
64.939
61.672
66.821
65.96
68.014
65.469
65.41
64.277
64.142
74.728
74.334
68.864
71.714
66.018
70.25
62.063
68.969
61.227
68.969
66.488
68.969
79.663
68.969
77.271
68.969
76.973
68.969
75.382
67.101
88.451
63.886
74.928
61.777
70.123
61.777
80.367
61.777
73.797
61.528
72.127
61.161
70.736
61.161
64.016
61.161
61.545
61.161
60.862
61.161
60.531
61.161
68.051
61.14
67.169
60.783
