60.351
60.36
60.348
60.461
61.706
61.079
60.613
60.446
60.418
60.383
60.382
60.408
60.374
62.322
61.344
60.477
61.097
60.438
60.582
60.445
60.349
60.955
61.012
63.101
61.326
61.093
60.937
66.077
60.691
60.579
60.78
61
64.194
60.834
61.195
61.215
60.372
65.909
60.52
60.853
60.404
60.515
60.374
60.821
60.73
60.45
60.496
61.394
60.58
60.438
60.904
60.277
60.463
60.389
60.602
60.376
60.56
60.368
60.8
60.342
60.872
60.434
62.252
60.369
60.521
60.609
60.597
60.504
60.45
61.219
60.671
60.599
63.526
60.501
60.912
60.432
60.91
61.294
60.707
60.602
60.724
60.554
66.613
60.495
60.736
60.582
60.507
60.397
60.335
60.287
60.441
60.474
60.375
60.422
60.486
60.421
60.456
64.07
60.289
61.632
60.379
60.584
64.04
60.46
60.426
60.331
60.51
61.298
60.203
60.264
60.398
60.503
60.307
60.536
60.327
60.268
60.3
60.27
60.231
60.347
