60.304
60.34
60.304
60.328
60.304
60.328
60.304
60.328
60.782
63.885
61.288
61.09
60.7
60.234
60.685
60.363
63.109
60.245
61.867
60.214
65.035
60.254
63.726
60.243
63.481
60.194
64.443
60.177
62.089
60.286
67.727
60.296
63.666
60.246
64.068
60.183
62.746
60.213
67.788
67.743
71.414
66.799
67.955
72.121
64.777
65.638
63.691
66.478
62.973
65.703
71.609
64.51
67.914
77.268
71.236
73.286
89.021
73.286
79.75
71.751
77.406
69.028
69.087
68.024
63.689
68.024
62.084
68.024
61.471
68.024
61.154
66.253
61.154
64.269
61.154
62.567
61.154
61.807
60.953
61.456
66.374
61.062
72.404
60.558
63.918
60.342
61.912
60.378
61.493
66.11
65.409
71.144
65.911
68.342
62.779
65.946
62.432
66.582
62.432
64.573
90.89
62.765
78.309
62.226
72.309
61.615
