60.388
60.298
60.388
60.304
61.45
63.092
60.483
60.602
60.294
60.333
60.908
60.537
60.673
60.487
60.346
60.345
60.343
60.36
60.355
60.4
60.646
60.385
60.408
60.898
60.873
60.796
61.23
60.66
60.822
60.41
60.591
60.461
60.528
61.771
60.855
60.915
60.534
65.507
60.558
60.984
65.448
60.796
60.396
60.584
60.849
60.513
64.942
65.045
60.569
60.761
60.341
60.401
60.338
60.646
60.478
60.525
61.082
65.064
60.351
60.469
60.63
60.307
60.457
60.324
60.652
60.349
60.371
60.392
60.414
60.553
63.643
60.408
60.462
60.426
60.703
60.501
60.75
64.88
60.702
60.599
60.323
60.552
60.357
60.307
60.307
60.271
60.469
60.602
60.373
60.333
60.325
60.273
60.416
60.266
60.367
60.382
60.493
60.48
60.355
60.288
60.335
63.872
60.322
60.68
60.388
60.574
60.348
60.448
60.443
60.382
60.669
63.61
60.324
60.637
63.137
60.347
60.523
60.41
60.466
60.434
