60.438
60.383
60.436
60.368
60.424
60.842
60.939
60.428
60.262
60.42
60.271
60.401
60.267
60.529
60.267
60.823
60.428
60.414
60.741
60.478
60.449
60.393
60.346
60.298
60.357
60.314
60.406
60.341
60.296
60.251
60.273
60.249
60.26
60.214
60.265
60.217
60.268
60.224
60.279
60.549
60.252
60.222
60.249
60.214
60.304
60.263
60.231
60.303
60.316
60.242
60.274
60.281
60.292
60.274
60.257
60.278
60.307
60.294
60.236
60.254
60.268
60.224
60.359
60.23
60.65
60.254
60.492
60.21
60.424
63.424
73.301
73.365
92.106
90.72
92.517
92.851
90.963
92.717
90.771
90.201
92.217
91.597
92.07
92.368
91.955
91.588
92.609
92.353
91.495
91.727
93.448
92.041
60.349
60.535
60.255
60.234
60.392
60.362
60.302
60.332
60.258
60.249
60.192
60.33
60.378
60.31
60.281
60.311
60.328
60.281
60.189
60.268
60.255
60.481
60.373
60.305
60.181
60.238
60.253
60.254
60.321
60.369
