60.458
60.348
60.458
60.345
61.632
63.027
60.297
60.4
60.23
60.267
61.999
60.507
60.601
65.48
67.103
65.478
68.858
61.73
64.248
67.218
65.752
62.238
62.772
60.908
66.758
68.241
62.057
65.03
60.71
67.496
65.053
64.561
62.392
62.061
62.287
61.133
62.75
61.842
64.49
60.785
62.105
61.552
61.711
67.937
61.258
64.071
60.631
69.216
67.291
68.583
66.468
65.689
70.294
67.993
70.853
63.862
64.012
65.432
70.643
62.092
63.929
66.196
61.276
64.117
63.198
62.969
61.331
69.271
65.907
66.079
62.677
67.299
60.942
63.467
61.091
61.377
60.626
60.995
60.463
61.35
60.638
64.463
69.254
63.079
68.534
64.792
65.463
61.76
65.985
63.157
65.236
60.88
64.168
60.443
61.054
60.419
65.032
63.392
61.907
64.849
61.213
68.105
64.306
64.162
64.104
62.013
65.389
61.058
65.975
60.891
64.765
61.083
74.786
64.746
73.14
62.753
70.137
63.791
63.37
63.149
