60.338
60.416
60.346
60.4
61.27
61.31
60.411
60.509
60.309
60.454
91.642
84.396
80.89
89.698
89.434
90.684
62.582
63.88
74.968
69.127
70.505
71.332
71.661
72.264
75.042
75.052
72.191
84.8
71.275
71.666
67.737
69.057
76.636
78.127
64.113
64.628
62.55
63.393
71.143
68.206
63.83
65.796
62.354
64.297
61.803
61.837
73.536
73.544
62.999
65.148
61.993
62.635
70.29
67.441
63.055
65.762
61.102
63.062
60.631
61.064
73.894
73.512
61.848
63.211
60.785
61.054
68.469
66.014
63.217
67.329
60.818
64.344
61.367
61.591
76.187
73.685
61.974
63.857
61.503
61.632
67.519
65.781
62.54
67.837
60.712
62.286
60.524
60.84
77.657
73.538
62.059
63.337
60.771
61.068
67.186
64.479
63.119
68.327
61.236
62.824
61.212
61.25
77.722
72.558
62.456
63.968
61.476
61.637
67.043
64.969
62.679
68.631
61.622
62.484
60.807
61.123
77.984
72.703
62.518
63.376
60.822
61.106
